/*--------------------------------*- C++ -*----------------------------------*\
| =========                 |                                                 |
| \\      /  F ield         | OpenFOAM: The Open Source CFD Toolbox           |
|  \\    /   O peration     | Version:  2412                                  |
|   \\  /    A nd           | Website:  www.openfoam.com                      |
|    \\/     M anipulation  |                                                 |
\*---------------------------------------------------------------------------*/
FoamFile
{
    version     2.0;
    format      ascii;
    arch        "LSB;label=32;scalar=64";
    class       volScalarField;
    location    "0.497";
    object      nut;
}
// * * * * * * * * * * * * * * * * * * * * * * * * * * * * * * * * * * * * * //

dimensions      [0 2 -1 0 0 0 0];

internalField   uniform 0;

boundaryField
{
    walls
    {
        type            nutUSpaldingWallFunction;
        value           nonuniform List<scalar> 
2000
(
4.14655e-05
4.1698e-05
4.1879e-05
4.20049e-05
4.20693e-05
4.20693e-05
4.20049e-05
4.1879e-05
4.1698e-05
4.14655e-05
3.97739e-05
4.00228e-05
4.02105e-05
4.03412e-05
4.04079e-05
4.04079e-05
4.03412e-05
4.02105e-05
4.00228e-05
3.97739e-05
3.73875e-05
3.76498e-05
3.78471e-05
3.79838e-05
3.80535e-05
3.80535e-05
3.79838e-05
3.78471e-05
3.76498e-05
3.73875e-05
3.41944e-05
3.44633e-05
3.4668e-05
3.48092e-05
3.48811e-05
3.48811e-05
3.48092e-05
3.4668e-05
3.44633e-05
3.41944e-05
3.10763e-05
3.13454e-05
3.15536e-05
3.16966e-05
3.17694e-05
3.17694e-05
3.16966e-05
3.15536e-05
3.13454e-05
3.10763e-05
2.83435e-05
2.86083e-05
2.88163e-05
2.89591e-05
2.90318e-05
2.90318e-05
2.89591e-05
2.88163e-05
2.86083e-05
2.83435e-05
2.59458e-05
2.62026e-05
2.64075e-05
2.65484e-05
2.66203e-05
2.66203e-05
2.65484e-05
2.64075e-05
2.62026e-05
2.59458e-05
2.38457e-05
2.4092e-05
2.42913e-05
2.44288e-05
2.4499e-05
2.4499e-05
2.44288e-05
2.42913e-05
2.4092e-05
2.38457e-05
2.20414e-05
2.22757e-05
2.24678e-05
2.26007e-05
2.26687e-05
2.26687e-05
2.26007e-05
2.24678e-05
2.22757e-05
2.20414e-05
2.05123e-05
2.07342e-05
2.09178e-05
2.10455e-05
2.11109e-05
2.11109e-05
2.10455e-05
2.09178e-05
2.07342e-05
2.05123e-05
1.922e-05
1.94296e-05
1.96043e-05
1.97263e-05
1.97889e-05
1.97889e-05
1.97263e-05
1.96043e-05
1.94296e-05
1.922e-05
1.81265e-05
1.83245e-05
1.84902e-05
1.86065e-05
1.86662e-05
1.86662e-05
1.86065e-05
1.84902e-05
1.83245e-05
1.81265e-05
1.71999e-05
1.73871e-05
1.75441e-05
1.76546e-05
1.77115e-05
1.77115e-05
1.76546e-05
1.75441e-05
1.73871e-05
1.71999e-05
1.64128e-05
1.65901e-05
1.67388e-05
1.68439e-05
1.6898e-05
1.6898e-05
1.68439e-05
1.67388e-05
1.65901e-05
1.64128e-05
1.57414e-05
1.59098e-05
1.6051e-05
1.61509e-05
1.62023e-05
1.62023e-05
1.61509e-05
1.6051e-05
1.59098e-05
1.57414e-05
1.51659e-05
1.53266e-05
1.54608e-05
1.55559e-05
1.56049e-05
1.56049e-05
1.55559e-05
1.54608e-05
1.53266e-05
1.51659e-05
1.467e-05
1.48238e-05
1.49518e-05
1.50425e-05
1.50893e-05
1.50893e-05
1.50425e-05
1.49518e-05
1.48238e-05
1.467e-05
1.42404e-05
1.43881e-05
1.45106e-05
1.45973e-05
1.46421e-05
1.46421e-05
1.45973e-05
1.45106e-05
1.43881e-05
1.42404e-05
1.38658e-05
1.40083e-05
1.4126e-05
1.42092e-05
1.42521e-05
1.42521e-05
1.42092e-05
1.4126e-05
1.40083e-05
1.38658e-05
1.35374e-05
1.36753e-05
1.37887e-05
1.38688e-05
1.39101e-05
1.39101e-05
1.38688e-05
1.37887e-05
1.36753e-05
1.35374e-05
1.32476e-05
1.33815e-05
1.34912e-05
1.35685e-05
1.36084e-05
1.36084e-05
1.35685e-05
1.34912e-05
1.33815e-05
1.32476e-05
1.29903e-05
1.31208e-05
1.32272e-05
1.33021e-05
1.33408e-05
1.33408e-05
1.33021e-05
1.32272e-05
1.31208e-05
1.29903e-05
1.27605e-05
1.28879e-05
1.29915e-05
1.30644e-05
1.3102e-05
1.3102e-05
1.30644e-05
1.29915e-05
1.28879e-05
1.27605e-05
1.2554e-05
1.26788e-05
1.278e-05
1.2851e-05
1.28876e-05
1.28876e-05
1.2851e-05
1.278e-05
1.26788e-05
1.2554e-05
1.23673e-05
1.24898e-05
1.25889e-05
1.26584e-05
1.26941e-05
1.26941e-05
1.26584e-05
1.25889e-05
1.24898e-05
1.23673e-05
1.21977e-05
1.23182e-05
1.24154e-05
1.24835e-05
1.25185e-05
1.25185e-05
1.24835e-05
1.24154e-05
1.23182e-05
1.21977e-05
1.20427e-05
1.21613e-05
1.22569e-05
1.23238e-05
1.23582e-05
1.23582e-05
1.23238e-05
1.22569e-05
1.21613e-05
1.20427e-05
1.19004e-05
1.20174e-05
1.21115e-05
1.21774e-05
1.22112e-05
1.22112e-05
1.21774e-05
1.21115e-05
1.20174e-05
1.19004e-05
1.1769e-05
1.18845e-05
1.19774e-05
1.20423e-05
1.20757e-05
1.20757e-05
1.20423e-05
1.19774e-05
1.18845e-05
1.1769e-05
1.16472e-05
1.17614e-05
1.18532e-05
1.19173e-05
1.19502e-05
1.19502e-05
1.19173e-05
1.18532e-05
1.17614e-05
1.16472e-05
1.15338e-05
1.16469e-05
1.17377e-05
1.1801e-05
1.18335e-05
1.18335e-05
1.1801e-05
1.17377e-05
1.16469e-05
1.15338e-05
1.14279e-05
1.15398e-05
1.16297e-05
1.16924e-05
1.17246e-05
1.17246e-05
1.16924e-05
1.16297e-05
1.15398e-05
1.14279e-05
1.13285e-05
1.14395e-05
1.15285e-05
1.15906e-05
1.16225e-05
1.16225e-05
1.15906e-05
1.15285e-05
1.14395e-05
1.13285e-05
1.1235e-05
1.1345e-05
1.14334e-05
1.14949e-05
1.15265e-05
1.15265e-05
1.14949e-05
1.14334e-05
1.1345e-05
1.1235e-05
1.11468e-05
1.12559e-05
1.13436e-05
1.14047e-05
1.1436e-05
1.1436e-05
1.14047e-05
1.13436e-05
1.12559e-05
1.11468e-05
1.10633e-05
1.11716e-05
1.12586e-05
1.13193e-05
1.13504e-05
1.13504e-05
1.13193e-05
1.12586e-05
1.11716e-05
1.10633e-05
1.0984e-05
1.10917e-05
1.11781e-05
1.12383e-05
1.12692e-05
1.12692e-05
1.12383e-05
1.11781e-05
1.10917e-05
1.0984e-05
1.09087e-05
1.10156e-05
1.11015e-05
1.11613e-05
1.1192e-05
1.1192e-05
1.11613e-05
1.11015e-05
1.10156e-05
1.09087e-05
1.08369e-05
1.09431e-05
1.10285e-05
1.1088e-05
1.11185e-05
1.11185e-05
1.1088e-05
1.10285e-05
1.09431e-05
1.08369e-05
1.07684e-05
1.0874e-05
1.09588e-05
1.10179e-05
1.10483e-05
1.10483e-05
1.10179e-05
1.09588e-05
1.0874e-05
1.07684e-05
1.07028e-05
1.08078e-05
1.08921e-05
1.0951e-05
1.09811e-05
1.09811e-05
1.0951e-05
1.08921e-05
1.08078e-05
1.07028e-05
1.064e-05
1.07444e-05
1.08283e-05
1.08868e-05
1.09168e-05
1.09168e-05
1.08868e-05
1.08283e-05
1.07444e-05
1.064e-05
1.05797e-05
1.06835e-05
1.0767e-05
1.08252e-05
1.08551e-05
1.08551e-05
1.08252e-05
1.0767e-05
1.06835e-05
1.05797e-05
1.05217e-05
1.0625e-05
1.07081e-05
1.0766e-05
1.07957e-05
1.07957e-05
1.0766e-05
1.07081e-05
1.0625e-05
1.05217e-05
1.04658e-05
1.05686e-05
1.06513e-05
1.0709e-05
1.07386e-05
1.07386e-05
1.0709e-05
1.06513e-05
1.05686e-05
1.04658e-05
1.04118e-05
1.05141e-05
1.05964e-05
1.06538e-05
1.06833e-05
1.06833e-05
1.06538e-05
1.05964e-05
1.05141e-05
1.04118e-05
1.03598e-05
1.04617e-05
1.05436e-05
1.06008e-05
1.06301e-05
1.06301e-05
1.06008e-05
1.05436e-05
1.04617e-05
1.03598e-05
1.03081e-05
1.04094e-05
1.0491e-05
1.05479e-05
1.05771e-05
1.05771e-05
1.05479e-05
1.0491e-05
1.04094e-05
1.03081e-05
1.02637e-05
1.03647e-05
1.04459e-05
1.05026e-05
1.05317e-05
1.05317e-05
1.05026e-05
1.04459e-05
1.03647e-05
1.02637e-05
1.01956e-05
1.02959e-05
1.03767e-05
1.0433e-05
1.04619e-05
1.04619e-05
1.0433e-05
1.03767e-05
1.02959e-05
1.01956e-05
4.14655e-05
4.1698e-05
4.1879e-05
4.20049e-05
4.20693e-05
4.20693e-05
4.20049e-05
4.1879e-05
4.1698e-05
4.14655e-05
3.97739e-05
4.00228e-05
4.02105e-05
4.03412e-05
4.04079e-05
4.04079e-05
4.03412e-05
4.02105e-05
4.00228e-05
3.97739e-05
3.73875e-05
3.76498e-05
3.78471e-05
3.79838e-05
3.80535e-05
3.80535e-05
3.79838e-05
3.78471e-05
3.76498e-05
3.73875e-05
3.41944e-05
3.44633e-05
3.4668e-05
3.48092e-05
3.48811e-05
3.48811e-05
3.48092e-05
3.4668e-05
3.44633e-05
3.41944e-05
3.10763e-05
3.13454e-05
3.15536e-05
3.16966e-05
3.17694e-05
3.17694e-05
3.16966e-05
3.15536e-05
3.13454e-05
3.10763e-05
2.83435e-05
2.86083e-05
2.88163e-05
2.89591e-05
2.90318e-05
2.90318e-05
2.89591e-05
2.88163e-05
2.86083e-05
2.83435e-05
2.59458e-05
2.62026e-05
2.64075e-05
2.65484e-05
2.66203e-05
2.66203e-05
2.65484e-05
2.64075e-05
2.62026e-05
2.59458e-05
2.38457e-05
2.4092e-05
2.42913e-05
2.44288e-05
2.4499e-05
2.4499e-05
2.44288e-05
2.42913e-05
2.4092e-05
2.38457e-05
2.20414e-05
2.22757e-05
2.24678e-05
2.26007e-05
2.26687e-05
2.26687e-05
2.26007e-05
2.24678e-05
2.22757e-05
2.20414e-05
2.05123e-05
2.07342e-05
2.09178e-05
2.10455e-05
2.11109e-05
2.11109e-05
2.10455e-05
2.09178e-05
2.07342e-05
2.05123e-05
1.922e-05
1.94296e-05
1.96043e-05
1.97263e-05
1.97889e-05
1.97889e-05
1.97263e-05
1.96043e-05
1.94296e-05
1.922e-05
1.81265e-05
1.83245e-05
1.84902e-05
1.86065e-05
1.86662e-05
1.86662e-05
1.86065e-05
1.84902e-05
1.83245e-05
1.81265e-05
1.71999e-05
1.73871e-05
1.75441e-05
1.76546e-05
1.77115e-05
1.77115e-05
1.76546e-05
1.75441e-05
1.73871e-05
1.71999e-05
1.64128e-05
1.65901e-05
1.67388e-05
1.68439e-05
1.6898e-05
1.6898e-05
1.68439e-05
1.67388e-05
1.65901e-05
1.64128e-05
1.57414e-05
1.59098e-05
1.6051e-05
1.61509e-05
1.62023e-05
1.62023e-05
1.61509e-05
1.6051e-05
1.59098e-05
1.57414e-05
1.51659e-05
1.53266e-05
1.54608e-05
1.55559e-05
1.56049e-05
1.56049e-05
1.55559e-05
1.54608e-05
1.53266e-05
1.51659e-05
1.467e-05
1.48238e-05
1.49518e-05
1.50425e-05
1.50893e-05
1.50893e-05
1.50425e-05
1.49518e-05
1.48238e-05
1.467e-05
1.42404e-05
1.43881e-05
1.45106e-05
1.45973e-05
1.46421e-05
1.46421e-05
1.45973e-05
1.45106e-05
1.43881e-05
1.42404e-05
1.38658e-05
1.40083e-05
1.4126e-05
1.42092e-05
1.42521e-05
1.42521e-05
1.42092e-05
1.4126e-05
1.40083e-05
1.38658e-05
1.35374e-05
1.36753e-05
1.37887e-05
1.38688e-05
1.39101e-05
1.39101e-05
1.38688e-05
1.37887e-05
1.36753e-05
1.35374e-05
1.32476e-05
1.33815e-05
1.34912e-05
1.35685e-05
1.36084e-05
1.36084e-05
1.35685e-05
1.34912e-05
1.33815e-05
1.32476e-05
1.29903e-05
1.31208e-05
1.32272e-05
1.33021e-05
1.33408e-05
1.33408e-05
1.33021e-05
1.32272e-05
1.31208e-05
1.29903e-05
1.27605e-05
1.28879e-05
1.29915e-05
1.30644e-05
1.3102e-05
1.3102e-05
1.30644e-05
1.29915e-05
1.28879e-05
1.27605e-05
1.2554e-05
1.26788e-05
1.278e-05
1.2851e-05
1.28876e-05
1.28876e-05
1.2851e-05
1.278e-05
1.26788e-05
1.2554e-05
1.23673e-05
1.24898e-05
1.25889e-05
1.26584e-05
1.26941e-05
1.26941e-05
1.26584e-05
1.25889e-05
1.24898e-05
1.23673e-05
1.21977e-05
1.23182e-05
1.24154e-05
1.24835e-05
1.25185e-05
1.25185e-05
1.24835e-05
1.24154e-05
1.23182e-05
1.21977e-05
1.20427e-05
1.21613e-05
1.22569e-05
1.23238e-05
1.23582e-05
1.23582e-05
1.23238e-05
1.22569e-05
1.21613e-05
1.20427e-05
1.19004e-05
1.20174e-05
1.21115e-05
1.21774e-05
1.22112e-05
1.22112e-05
1.21774e-05
1.21115e-05
1.20174e-05
1.19004e-05
1.1769e-05
1.18845e-05
1.19774e-05
1.20423e-05
1.20757e-05
1.20757e-05
1.20423e-05
1.19774e-05
1.18845e-05
1.1769e-05
1.16472e-05
1.17614e-05
1.18532e-05
1.19173e-05
1.19502e-05
1.19502e-05
1.19173e-05
1.18532e-05
1.17614e-05
1.16472e-05
1.15338e-05
1.16469e-05
1.17377e-05
1.1801e-05
1.18335e-05
1.18335e-05
1.1801e-05
1.17377e-05
1.16469e-05
1.15338e-05
1.14279e-05
1.15398e-05
1.16297e-05
1.16924e-05
1.17246e-05
1.17246e-05
1.16924e-05
1.16297e-05
1.15398e-05
1.14279e-05
1.13285e-05
1.14395e-05
1.15285e-05
1.15906e-05
1.16225e-05
1.16225e-05
1.15906e-05
1.15285e-05
1.14395e-05
1.13285e-05
1.1235e-05
1.1345e-05
1.14334e-05
1.14949e-05
1.15265e-05
1.15265e-05
1.14949e-05
1.14334e-05
1.1345e-05
1.1235e-05
1.11468e-05
1.12559e-05
1.13436e-05
1.14047e-05
1.1436e-05
1.1436e-05
1.14047e-05
1.13436e-05
1.12559e-05
1.11468e-05
1.10633e-05
1.11716e-05
1.12586e-05
1.13193e-05
1.13504e-05
1.13504e-05
1.13193e-05
1.12586e-05
1.11716e-05
1.10633e-05
1.0984e-05
1.10917e-05
1.11781e-05
1.12383e-05
1.12692e-05
1.12692e-05
1.12383e-05
1.11781e-05
1.10917e-05
1.0984e-05
1.09087e-05
1.10156e-05
1.11015e-05
1.11613e-05
1.1192e-05
1.1192e-05
1.11613e-05
1.11015e-05
1.10156e-05
1.09087e-05
1.08369e-05
1.09431e-05
1.10285e-05
1.1088e-05
1.11185e-05
1.11185e-05
1.1088e-05
1.10285e-05
1.09431e-05
1.08369e-05
1.07684e-05
1.0874e-05
1.09588e-05
1.10179e-05
1.10483e-05
1.10483e-05
1.10179e-05
1.09588e-05
1.0874e-05
1.07684e-05
1.07028e-05
1.08078e-05
1.08921e-05
1.0951e-05
1.09811e-05
1.09811e-05
1.0951e-05
1.08921e-05
1.08078e-05
1.07028e-05
1.064e-05
1.07444e-05
1.08283e-05
1.08868e-05
1.09168e-05
1.09168e-05
1.08868e-05
1.08283e-05
1.07444e-05
1.064e-05
1.05797e-05
1.06835e-05
1.0767e-05
1.08252e-05
1.08551e-05
1.08551e-05
1.08252e-05
1.0767e-05
1.06835e-05
1.05797e-05
1.05217e-05
1.0625e-05
1.07081e-05
1.0766e-05
1.07957e-05
1.07957e-05
1.0766e-05
1.07081e-05
1.0625e-05
1.05217e-05
1.04658e-05
1.05686e-05
1.06513e-05
1.0709e-05
1.07386e-05
1.07386e-05
1.0709e-05
1.06513e-05
1.05686e-05
1.04658e-05
1.04118e-05
1.05141e-05
1.05964e-05
1.06538e-05
1.06833e-05
1.06833e-05
1.06538e-05
1.05964e-05
1.05141e-05
1.04118e-05
1.03598e-05
1.04617e-05
1.05436e-05
1.06008e-05
1.06301e-05
1.06301e-05
1.06008e-05
1.05436e-05
1.04617e-05
1.03598e-05
1.03081e-05
1.04094e-05
1.0491e-05
1.05479e-05
1.05771e-05
1.05771e-05
1.05479e-05
1.0491e-05
1.04094e-05
1.03081e-05
1.02637e-05
1.03647e-05
1.04459e-05
1.05026e-05
1.05317e-05
1.05317e-05
1.05026e-05
1.04459e-05
1.03647e-05
1.02637e-05
1.01956e-05
1.02959e-05
1.03767e-05
1.0433e-05
1.04619e-05
1.04619e-05
1.0433e-05
1.03767e-05
1.02959e-05
1.01956e-05
4.14655e-05
4.1698e-05
4.1879e-05
4.20049e-05
4.20693e-05
4.20693e-05
4.20049e-05
4.1879e-05
4.1698e-05
4.14655e-05
3.97739e-05
4.00228e-05
4.02105e-05
4.03412e-05
4.04079e-05
4.04079e-05
4.03412e-05
4.02105e-05
4.00228e-05
3.97739e-05
3.73875e-05
3.76498e-05
3.78471e-05
3.79838e-05
3.80535e-05
3.80535e-05
3.79838e-05
3.78471e-05
3.76498e-05
3.73875e-05
3.41944e-05
3.44633e-05
3.4668e-05
3.48092e-05
3.48811e-05
3.48811e-05
3.48092e-05
3.4668e-05
3.44633e-05
3.41944e-05
3.10763e-05
3.13454e-05
3.15536e-05
3.16966e-05
3.17694e-05
3.17694e-05
3.16966e-05
3.15536e-05
3.13454e-05
3.10763e-05
2.83435e-05
2.86083e-05
2.88163e-05
2.89591e-05
2.90318e-05
2.90318e-05
2.89591e-05
2.88163e-05
2.86083e-05
2.83435e-05
2.59458e-05
2.62026e-05
2.64075e-05
2.65484e-05
2.66203e-05
2.66203e-05
2.65484e-05
2.64075e-05
2.62026e-05
2.59458e-05
2.38457e-05
2.4092e-05
2.42913e-05
2.44288e-05
2.4499e-05
2.4499e-05
2.44288e-05
2.42913e-05
2.4092e-05
2.38457e-05
2.20414e-05
2.22757e-05
2.24678e-05
2.26007e-05
2.26687e-05
2.26687e-05
2.26007e-05
2.24678e-05
2.22757e-05
2.20414e-05
2.05123e-05
2.07342e-05
2.09178e-05
2.10455e-05
2.11109e-05
2.11109e-05
2.10455e-05
2.09178e-05
2.07342e-05
2.05123e-05
1.922e-05
1.94296e-05
1.96043e-05
1.97263e-05
1.97889e-05
1.97889e-05
1.97263e-05
1.96043e-05
1.94296e-05
1.922e-05
1.81265e-05
1.83245e-05
1.84902e-05
1.86065e-05
1.86662e-05
1.86662e-05
1.86065e-05
1.84902e-05
1.83245e-05
1.81265e-05
1.71999e-05
1.73871e-05
1.75441e-05
1.76546e-05
1.77115e-05
1.77115e-05
1.76546e-05
1.75441e-05
1.73871e-05
1.71999e-05
1.64128e-05
1.65901e-05
1.67388e-05
1.68439e-05
1.6898e-05
1.6898e-05
1.68439e-05
1.67388e-05
1.65901e-05
1.64128e-05
1.57414e-05
1.59098e-05
1.6051e-05
1.61509e-05
1.62023e-05
1.62023e-05
1.61509e-05
1.6051e-05
1.59098e-05
1.57414e-05
1.51659e-05
1.53266e-05
1.54608e-05
1.55559e-05
1.56049e-05
1.56049e-05
1.55559e-05
1.54608e-05
1.53266e-05
1.51659e-05
1.467e-05
1.48238e-05
1.49518e-05
1.50425e-05
1.50893e-05
1.50893e-05
1.50425e-05
1.49518e-05
1.48238e-05
1.467e-05
1.42404e-05
1.43881e-05
1.45106e-05
1.45973e-05
1.46421e-05
1.46421e-05
1.45973e-05
1.45106e-05
1.43881e-05
1.42404e-05
1.38658e-05
1.40083e-05
1.4126e-05
1.42092e-05
1.42521e-05
1.42521e-05
1.42092e-05
1.4126e-05
1.40083e-05
1.38658e-05
1.35374e-05
1.36753e-05
1.37887e-05
1.38688e-05
1.39101e-05
1.39101e-05
1.38688e-05
1.37887e-05
1.36753e-05
1.35374e-05
1.32476e-05
1.33815e-05
1.34912e-05
1.35685e-05
1.36084e-05
1.36084e-05
1.35685e-05
1.34912e-05
1.33815e-05
1.32476e-05
1.29903e-05
1.31208e-05
1.32272e-05
1.33021e-05
1.33408e-05
1.33408e-05
1.33021e-05
1.32272e-05
1.31208e-05
1.29903e-05
1.27605e-05
1.28879e-05
1.29915e-05
1.30644e-05
1.3102e-05
1.3102e-05
1.30644e-05
1.29915e-05
1.28879e-05
1.27605e-05
1.2554e-05
1.26788e-05
1.278e-05
1.2851e-05
1.28876e-05
1.28876e-05
1.2851e-05
1.278e-05
1.26788e-05
1.2554e-05
1.23673e-05
1.24898e-05
1.25889e-05
1.26584e-05
1.26941e-05
1.26941e-05
1.26584e-05
1.25889e-05
1.24898e-05
1.23673e-05
1.21977e-05
1.23182e-05
1.24154e-05
1.24835e-05
1.25185e-05
1.25185e-05
1.24835e-05
1.24154e-05
1.23182e-05
1.21977e-05
1.20427e-05
1.21613e-05
1.22569e-05
1.23238e-05
1.23582e-05
1.23582e-05
1.23238e-05
1.22569e-05
1.21613e-05
1.20427e-05
1.19004e-05
1.20174e-05
1.21115e-05
1.21774e-05
1.22112e-05
1.22112e-05
1.21774e-05
1.21115e-05
1.20174e-05
1.19004e-05
1.1769e-05
1.18845e-05
1.19774e-05
1.20423e-05
1.20757e-05
1.20757e-05
1.20423e-05
1.19774e-05
1.18845e-05
1.1769e-05
1.16472e-05
1.17614e-05
1.18532e-05
1.19173e-05
1.19502e-05
1.19502e-05
1.19173e-05
1.18532e-05
1.17614e-05
1.16472e-05
1.15338e-05
1.16469e-05
1.17377e-05
1.1801e-05
1.18335e-05
1.18335e-05
1.1801e-05
1.17377e-05
1.16469e-05
1.15338e-05
1.14279e-05
1.15398e-05
1.16297e-05
1.16924e-05
1.17246e-05
1.17246e-05
1.16924e-05
1.16297e-05
1.15398e-05
1.14279e-05
1.13285e-05
1.14395e-05
1.15285e-05
1.15906e-05
1.16225e-05
1.16225e-05
1.15906e-05
1.15285e-05
1.14395e-05
1.13285e-05
1.1235e-05
1.1345e-05
1.14334e-05
1.14949e-05
1.15265e-05
1.15265e-05
1.14949e-05
1.14334e-05
1.1345e-05
1.1235e-05
1.11468e-05
1.12559e-05
1.13436e-05
1.14047e-05
1.1436e-05
1.1436e-05
1.14047e-05
1.13436e-05
1.12559e-05
1.11468e-05
1.10633e-05
1.11716e-05
1.12586e-05
1.13193e-05
1.13504e-05
1.13504e-05
1.13193e-05
1.12586e-05
1.11716e-05
1.10633e-05
1.0984e-05
1.10917e-05
1.11781e-05
1.12383e-05
1.12692e-05
1.12692e-05
1.12383e-05
1.11781e-05
1.10917e-05
1.0984e-05
1.09087e-05
1.10156e-05
1.11015e-05
1.11613e-05
1.1192e-05
1.1192e-05
1.11613e-05
1.11015e-05
1.10156e-05
1.09087e-05
1.08369e-05
1.09431e-05
1.10285e-05
1.1088e-05
1.11185e-05
1.11185e-05
1.1088e-05
1.10285e-05
1.09431e-05
1.08369e-05
1.07684e-05
1.0874e-05
1.09588e-05
1.10179e-05
1.10483e-05
1.10483e-05
1.10179e-05
1.09588e-05
1.0874e-05
1.07684e-05
1.07028e-05
1.08078e-05
1.08921e-05
1.0951e-05
1.09811e-05
1.09811e-05
1.0951e-05
1.08921e-05
1.08078e-05
1.07028e-05
1.064e-05
1.07444e-05
1.08283e-05
1.08868e-05
1.09168e-05
1.09168e-05
1.08868e-05
1.08283e-05
1.07444e-05
1.064e-05
1.05797e-05
1.06835e-05
1.0767e-05
1.08252e-05
1.08551e-05
1.08551e-05
1.08252e-05
1.0767e-05
1.06835e-05
1.05797e-05
1.05217e-05
1.0625e-05
1.07081e-05
1.0766e-05
1.07957e-05
1.07957e-05
1.0766e-05
1.07081e-05
1.0625e-05
1.05217e-05
1.04658e-05
1.05686e-05
1.06513e-05
1.0709e-05
1.07386e-05
1.07386e-05
1.0709e-05
1.06513e-05
1.05686e-05
1.04658e-05
1.04118e-05
1.05141e-05
1.05964e-05
1.06538e-05
1.06833e-05
1.06833e-05
1.06538e-05
1.05964e-05
1.05141e-05
1.04118e-05
1.03598e-05
1.04617e-05
1.05436e-05
1.06008e-05
1.06301e-05
1.06301e-05
1.06008e-05
1.05436e-05
1.04617e-05
1.03598e-05
1.03081e-05
1.04094e-05
1.0491e-05
1.05479e-05
1.05771e-05
1.05771e-05
1.05479e-05
1.0491e-05
1.04094e-05
1.03081e-05
1.02637e-05
1.03647e-05
1.04459e-05
1.05026e-05
1.05317e-05
1.05317e-05
1.05026e-05
1.04459e-05
1.03647e-05
1.02637e-05
1.01956e-05
1.02959e-05
1.03767e-05
1.0433e-05
1.04619e-05
1.04619e-05
1.0433e-05
1.03767e-05
1.02959e-05
1.01956e-05
4.14655e-05
4.1698e-05
4.1879e-05
4.20049e-05
4.20693e-05
4.20693e-05
4.20049e-05
4.1879e-05
4.1698e-05
4.14655e-05
3.97739e-05
4.00228e-05
4.02105e-05
4.03412e-05
4.04079e-05
4.04079e-05
4.03412e-05
4.02105e-05
4.00228e-05
3.97739e-05
3.73875e-05
3.76498e-05
3.78471e-05
3.79838e-05
3.80535e-05
3.80535e-05
3.79838e-05
3.78471e-05
3.76498e-05
3.73875e-05
3.41944e-05
3.44633e-05
3.4668e-05
3.48092e-05
3.48811e-05
3.48811e-05
3.48092e-05
3.4668e-05
3.44633e-05
3.41944e-05
3.10763e-05
3.13454e-05
3.15536e-05
3.16966e-05
3.17694e-05
3.17694e-05
3.16966e-05
3.15536e-05
3.13454e-05
3.10763e-05
2.83435e-05
2.86083e-05
2.88163e-05
2.89591e-05
2.90318e-05
2.90318e-05
2.89591e-05
2.88163e-05
2.86083e-05
2.83435e-05
2.59458e-05
2.62026e-05
2.64075e-05
2.65484e-05
2.66203e-05
2.66203e-05
2.65484e-05
2.64075e-05
2.62026e-05
2.59458e-05
2.38457e-05
2.4092e-05
2.42913e-05
2.44288e-05
2.4499e-05
2.4499e-05
2.44288e-05
2.42913e-05
2.4092e-05
2.38457e-05
2.20414e-05
2.22757e-05
2.24678e-05
2.26007e-05
2.26687e-05
2.26687e-05
2.26007e-05
2.24678e-05
2.22757e-05
2.20414e-05
2.05123e-05
2.07342e-05
2.09178e-05
2.10455e-05
2.11109e-05
2.11109e-05
2.10455e-05
2.09178e-05
2.07342e-05
2.05123e-05
1.922e-05
1.94296e-05
1.96043e-05
1.97263e-05
1.97889e-05
1.97889e-05
1.97263e-05
1.96043e-05
1.94296e-05
1.922e-05
1.81265e-05
1.83245e-05
1.84902e-05
1.86065e-05
1.86662e-05
1.86662e-05
1.86065e-05
1.84902e-05
1.83245e-05
1.81265e-05
1.71999e-05
1.73871e-05
1.75441e-05
1.76546e-05
1.77115e-05
1.77115e-05
1.76546e-05
1.75441e-05
1.73871e-05
1.71999e-05
1.64128e-05
1.65901e-05
1.67388e-05
1.68439e-05
1.6898e-05
1.6898e-05
1.68439e-05
1.67388e-05
1.65901e-05
1.64128e-05
1.57414e-05
1.59098e-05
1.6051e-05
1.61509e-05
1.62023e-05
1.62023e-05
1.61509e-05
1.6051e-05
1.59098e-05
1.57414e-05
1.51659e-05
1.53266e-05
1.54608e-05
1.55559e-05
1.56049e-05
1.56049e-05
1.55559e-05
1.54608e-05
1.53266e-05
1.51659e-05
1.467e-05
1.48238e-05
1.49518e-05
1.50425e-05
1.50893e-05
1.50893e-05
1.50425e-05
1.49518e-05
1.48238e-05
1.467e-05
1.42404e-05
1.43881e-05
1.45106e-05
1.45973e-05
1.46421e-05
1.46421e-05
1.45973e-05
1.45106e-05
1.43881e-05
1.42404e-05
1.38658e-05
1.40083e-05
1.4126e-05
1.42092e-05
1.42521e-05
1.42521e-05
1.42092e-05
1.4126e-05
1.40083e-05
1.38658e-05
1.35374e-05
1.36753e-05
1.37887e-05
1.38688e-05
1.39101e-05
1.39101e-05
1.38688e-05
1.37887e-05
1.36753e-05
1.35374e-05
1.32476e-05
1.33815e-05
1.34912e-05
1.35685e-05
1.36084e-05
1.36084e-05
1.35685e-05
1.34912e-05
1.33815e-05
1.32476e-05
1.29903e-05
1.31208e-05
1.32272e-05
1.33021e-05
1.33408e-05
1.33408e-05
1.33021e-05
1.32272e-05
1.31208e-05
1.29903e-05
1.27605e-05
1.28879e-05
1.29915e-05
1.30644e-05
1.3102e-05
1.3102e-05
1.30644e-05
1.29915e-05
1.28879e-05
1.27605e-05
1.2554e-05
1.26788e-05
1.278e-05
1.2851e-05
1.28876e-05
1.28876e-05
1.2851e-05
1.278e-05
1.26788e-05
1.2554e-05
1.23673e-05
1.24898e-05
1.25889e-05
1.26584e-05
1.26941e-05
1.26941e-05
1.26584e-05
1.25889e-05
1.24898e-05
1.23673e-05
1.21977e-05
1.23182e-05
1.24154e-05
1.24835e-05
1.25185e-05
1.25185e-05
1.24835e-05
1.24154e-05
1.23182e-05
1.21977e-05
1.20427e-05
1.21613e-05
1.22569e-05
1.23238e-05
1.23582e-05
1.23582e-05
1.23238e-05
1.22569e-05
1.21613e-05
1.20427e-05
1.19004e-05
1.20174e-05
1.21115e-05
1.21774e-05
1.22112e-05
1.22112e-05
1.21774e-05
1.21115e-05
1.20174e-05
1.19004e-05
1.1769e-05
1.18845e-05
1.19774e-05
1.20423e-05
1.20757e-05
1.20757e-05
1.20423e-05
1.19774e-05
1.18845e-05
1.1769e-05
1.16472e-05
1.17614e-05
1.18532e-05
1.19173e-05
1.19502e-05
1.19502e-05
1.19173e-05
1.18532e-05
1.17614e-05
1.16472e-05
1.15338e-05
1.16469e-05
1.17377e-05
1.1801e-05
1.18335e-05
1.18335e-05
1.1801e-05
1.17377e-05
1.16469e-05
1.15338e-05
1.14279e-05
1.15398e-05
1.16297e-05
1.16924e-05
1.17246e-05
1.17246e-05
1.16924e-05
1.16297e-05
1.15398e-05
1.14279e-05
1.13285e-05
1.14395e-05
1.15285e-05
1.15906e-05
1.16225e-05
1.16225e-05
1.15906e-05
1.15285e-05
1.14395e-05
1.13285e-05
1.1235e-05
1.1345e-05
1.14334e-05
1.14949e-05
1.15265e-05
1.15265e-05
1.14949e-05
1.14334e-05
1.1345e-05
1.1235e-05
1.11468e-05
1.12559e-05
1.13436e-05
1.14047e-05
1.1436e-05
1.1436e-05
1.14047e-05
1.13436e-05
1.12559e-05
1.11468e-05
1.10633e-05
1.11716e-05
1.12586e-05
1.13193e-05
1.13504e-05
1.13504e-05
1.13193e-05
1.12586e-05
1.11716e-05
1.10633e-05
1.0984e-05
1.10917e-05
1.11781e-05
1.12383e-05
1.12692e-05
1.12692e-05
1.12383e-05
1.11781e-05
1.10917e-05
1.0984e-05
1.09087e-05
1.10156e-05
1.11015e-05
1.11613e-05
1.1192e-05
1.1192e-05
1.11613e-05
1.11015e-05
1.10156e-05
1.09087e-05
1.08369e-05
1.09431e-05
1.10285e-05
1.1088e-05
1.11185e-05
1.11185e-05
1.1088e-05
1.10285e-05
1.09431e-05
1.08369e-05
1.07684e-05
1.0874e-05
1.09588e-05
1.10179e-05
1.10483e-05
1.10483e-05
1.10179e-05
1.09588e-05
1.0874e-05
1.07684e-05
1.07028e-05
1.08078e-05
1.08921e-05
1.0951e-05
1.09811e-05
1.09811e-05
1.0951e-05
1.08921e-05
1.08078e-05
1.07028e-05
1.064e-05
1.07444e-05
1.08283e-05
1.08868e-05
1.09168e-05
1.09168e-05
1.08868e-05
1.08283e-05
1.07444e-05
1.064e-05
1.05797e-05
1.06835e-05
1.0767e-05
1.08252e-05
1.08551e-05
1.08551e-05
1.08252e-05
1.0767e-05
1.06835e-05
1.05797e-05
1.05217e-05
1.0625e-05
1.07081e-05
1.0766e-05
1.07957e-05
1.07957e-05
1.0766e-05
1.07081e-05
1.0625e-05
1.05217e-05
1.04658e-05
1.05686e-05
1.06513e-05
1.0709e-05
1.07386e-05
1.07386e-05
1.0709e-05
1.06513e-05
1.05686e-05
1.04658e-05
1.04118e-05
1.05141e-05
1.05964e-05
1.06538e-05
1.06833e-05
1.06833e-05
1.06538e-05
1.05964e-05
1.05141e-05
1.04118e-05
1.03598e-05
1.04617e-05
1.05436e-05
1.06008e-05
1.06301e-05
1.06301e-05
1.06008e-05
1.05436e-05
1.04617e-05
1.03598e-05
1.03081e-05
1.04094e-05
1.0491e-05
1.05479e-05
1.05771e-05
1.05771e-05
1.05479e-05
1.0491e-05
1.04094e-05
1.03081e-05
1.02637e-05
1.03647e-05
1.04459e-05
1.05026e-05
1.05317e-05
1.05317e-05
1.05026e-05
1.04459e-05
1.03647e-05
1.02637e-05
1.01956e-05
1.02959e-05
1.03767e-05
1.0433e-05
1.04619e-05
1.04619e-05
1.0433e-05
1.03767e-05
1.02959e-05
1.01956e-05
)
;
    }
    inlet
    {
        type            calculated;
        value           uniform 0;
    }
    outlet
    {
        type            calculated;
        value           uniform 0;
    }
}


// ************************************************************************* //
