/*--------------------------------*- C++ -*----------------------------------*\
| =========                 |                                                 |
| \\      /  F ield         | OpenFOAM: The Open Source CFD Toolbox           |
|  \\    /   O peration     | Version:  2412                                  |
|   \\  /    A nd           | Website:  www.openfoam.com                      |
|    \\/     M anipulation  |                                                 |
\*---------------------------------------------------------------------------*/
FoamFile
{
    version     2.0;
    format      ascii;
    arch        "LSB;label=32;scalar=64";
    class       volScalarField;
    location    "0.2";
    object      nut;
}
// * * * * * * * * * * * * * * * * * * * * * * * * * * * * * * * * * * * * * //

dimensions      [0 2 -1 0 0 0 0];

internalField   uniform 0;

boundaryField
{
    walls
    {
        type            nutUSpaldingWallFunction;
        value           nonuniform List<scalar> 
2000
(
0.00363856
0.0036548
0.00366767
0.0036766
0.00368117
0.00368117
0.0036766
0.00366767
0.0036548
0.00363856
0.00361986
0.00363628
0.00364922
0.00365821
0.0036628
0.0036628
0.00365821
0.00364922
0.00363628
0.00361986
0.00359515
0.00361177
0.00362482
0.00363388
0.00363852
0.00363852
0.00363388
0.00362482
0.00361177
0.00359515
0.00356031
0.00357713
0.00359031
0.00359947
0.00360414
0.00360414
0.00359947
0.00359031
0.00357713
0.00356031
0.00352079
0.00353781
0.00355112
0.00356037
0.00356509
0.00356509
0.00356037
0.00355112
0.00353781
0.00352079
0.0034802
0.00349744
0.00351087
0.00352021
0.00352497
0.00352497
0.00352021
0.00351087
0.00349744
0.0034802
0.00343901
0.00345645
0.00347
0.00347943
0.00348424
0.00348424
0.00347943
0.00347
0.00345645
0.00343901
0.0033971
0.00341475
0.00342843
0.00343795
0.0034428
0.0034428
0.00343795
0.00342843
0.00341475
0.0033971
0.00335489
0.00337273
0.00338653
0.00339613
0.00340103
0.00340103
0.00339613
0.00338653
0.00337273
0.00335489
0.00331283
0.00333086
0.00334477
0.00335446
0.0033594
0.0033594
0.00335446
0.00334477
0.00333086
0.00331283
0.00327119
0.00328942
0.00330344
0.00331321
0.00331818
0.00331818
0.00331321
0.00330344
0.00328942
0.00327119
0.00323011
0.00324852
0.00326264
0.00327249
0.0032775
0.0032775
0.00327249
0.00326264
0.00324852
0.00323011
0.00318967
0.00320825
0.00322247
0.00323239
0.00323744
0.00323744
0.00323239
0.00322247
0.00320825
0.00318967
0.00314993
0.00316868
0.00318299
0.00319299
0.00319807
0.00319807
0.00319299
0.00318299
0.00316868
0.00314993
0.00311096
0.00312986
0.00314427
0.00315434
0.00315945
0.00315945
0.00315434
0.00314427
0.00312986
0.00311096
0.00307278
0.00309182
0.00310632
0.00311646
0.0031216
0.0031216
0.00311646
0.00310632
0.00309182
0.00307278
0.0030354
0.00305458
0.00306916
0.00307936
0.00308453
0.00308453
0.00307936
0.00306916
0.00305458
0.0030354
0.00299882
0.00301813
0.00303279
0.00304305
0.00304825
0.00304825
0.00304305
0.00303279
0.00301813
0.00299882
0.00296304
0.00298247
0.00299721
0.00300753
0.00301275
0.00301275
0.00300753
0.00299721
0.00298247
0.00296304
0.00292805
0.0029476
0.00296241
0.00297278
0.00297803
0.00297803
0.00297278
0.00296241
0.0029476
0.00292805
0.00289384
0.00291349
0.00292837
0.0029388
0.00294407
0.00294407
0.0029388
0.00292837
0.00291349
0.00289384
0.0028604
0.00288015
0.00289509
0.00290556
0.00291086
0.00291086
0.00290556
0.00289509
0.00288015
0.0028604
0.00282771
0.00284754
0.00286255
0.00287307
0.00287838
0.00287838
0.00287307
0.00286255
0.00284754
0.00282771
0.00279575
0.00281566
0.00283073
0.00284129
0.00284662
0.00284662
0.00284129
0.00283073
0.00281566
0.00279575
0.00276451
0.00278449
0.00279961
0.00281021
0.00281556
0.00281556
0.00281021
0.00279961
0.00278449
0.00276451
0.00273396
0.00275401
0.00276918
0.00277981
0.00278518
0.00278518
0.00277982
0.00276918
0.00275401
0.00273396
0.0027041
0.0027242
0.00273942
0.00275009
0.00275547
0.00275547
0.00275009
0.00273942
0.0027242
0.0027041
0.00267489
0.00269505
0.00271031
0.00272101
0.00272641
0.00272641
0.00272101
0.00271031
0.00269505
0.00267489
0.00264633
0.00266654
0.00268184
0.00269256
0.00269797
0.00269797
0.00269256
0.00268184
0.00266654
0.00264633
0.0026184
0.00263864
0.00265398
0.00266473
0.00267016
0.00267016
0.00266473
0.00265398
0.00263864
0.0026184
0.00259109
0.00261136
0.00262673
0.0026375
0.00264294
0.00264294
0.0026375
0.00262673
0.00261136
0.00259109
0.00256436
0.00258466
0.00260006
0.00261085
0.0026163
0.0026163
0.00261085
0.00260006
0.00258466
0.00256436
0.00253822
0.00255853
0.00257396
0.00258477
0.00259022
0.00259022
0.00258477
0.00257396
0.00255853
0.00253822
0.00251264
0.00253296
0.00254842
0.00255924
0.0025647
0.0025647
0.00255924
0.00254842
0.00253296
0.00251264
0.0024876
0.00250793
0.00252341
0.00253424
0.00253971
0.00253971
0.00253424
0.00252341
0.00250793
0.0024876
0.0024631
0.00248343
0.00249893
0.00250977
0.00251525
0.00251525
0.00250977
0.00249893
0.00248343
0.0024631
0.00243911
0.00245944
0.00247495
0.0024858
0.00249128
0.00249128
0.0024858
0.00247495
0.00245944
0.00243911
0.00241562
0.00243595
0.00245147
0.00246233
0.00246781
0.00246781
0.00246233
0.00245147
0.00243595
0.00241562
0.00239262
0.00241294
0.00242847
0.00243933
0.00244482
0.00244482
0.00243933
0.00242847
0.00241294
0.00239262
0.00237009
0.00239039
0.00240593
0.00241679
0.00242228
0.00242228
0.00241679
0.00240593
0.00239039
0.00237009
0.00234801
0.00236829
0.00238383
0.00239469
0.00240018
0.00240018
0.00239469
0.00238383
0.00236829
0.00234801
0.00232636
0.00234661
0.00236216
0.00237302
0.00237851
0.00237851
0.00237302
0.00236216
0.00234661
0.00232636
0.00230513
0.00232535
0.00234089
0.00235175
0.00235724
0.00235724
0.00235175
0.00234089
0.00232535
0.00230513
0.00228428
0.00230447
0.00232
0.00233085
0.00233634
0.00233634
0.00233085
0.00232
0.00230447
0.00228428
0.00226381
0.00228396
0.00229949
0.00231033
0.00231582
0.00231582
0.00231033
0.00229949
0.00228396
0.00226381
0.00224355
0.00226367
0.00227919
0.00229002
0.0022955
0.0022955
0.00229002
0.00227919
0.00226367
0.00224355
0.00222391
0.00224398
0.00225949
0.00227032
0.0022758
0.0022758
0.00227032
0.00225949
0.00224398
0.00222391
0.00220327
0.00222329
0.00223879
0.00224959
0.00225507
0.00225507
0.00224959
0.00223879
0.00222329
0.00220327
0.00218709
0.00220708
0.00222256
0.00223336
0.00223883
0.00223883
0.00223336
0.00222256
0.00220708
0.00218709
0.00215762
0.00217752
0.00219298
0.00220375
0.00220921
0.00220921
0.00220375
0.00219298
0.00217752
0.00215762
0.00363856
0.0036548
0.00366767
0.0036766
0.00368117
0.00368117
0.0036766
0.00366767
0.0036548
0.00363856
0.00361986
0.00363628
0.00364922
0.00365821
0.0036628
0.0036628
0.00365821
0.00364922
0.00363628
0.00361986
0.00359515
0.00361177
0.00362482
0.00363388
0.00363852
0.00363852
0.00363388
0.00362482
0.00361177
0.00359515
0.00356031
0.00357713
0.00359031
0.00359947
0.00360414
0.00360414
0.00359947
0.00359031
0.00357713
0.00356031
0.00352079
0.00353781
0.00355112
0.00356037
0.00356509
0.00356509
0.00356037
0.00355112
0.00353781
0.00352079
0.0034802
0.00349744
0.00351087
0.00352021
0.00352497
0.00352497
0.00352021
0.00351087
0.00349744
0.0034802
0.00343901
0.00345645
0.00347
0.00347943
0.00348424
0.00348424
0.00347943
0.00347
0.00345645
0.00343901
0.0033971
0.00341475
0.00342843
0.00343795
0.0034428
0.0034428
0.00343795
0.00342843
0.00341475
0.0033971
0.00335489
0.00337273
0.00338653
0.00339613
0.00340103
0.00340103
0.00339613
0.00338653
0.00337273
0.00335489
0.00331283
0.00333086
0.00334477
0.00335446
0.0033594
0.0033594
0.00335446
0.00334477
0.00333086
0.00331283
0.00327119
0.00328942
0.00330344
0.00331321
0.00331818
0.00331818
0.00331321
0.00330344
0.00328942
0.00327119
0.00323011
0.00324852
0.00326264
0.00327249
0.0032775
0.0032775
0.00327249
0.00326264
0.00324852
0.00323011
0.00318967
0.00320825
0.00322247
0.00323239
0.00323744
0.00323744
0.00323239
0.00322247
0.00320825
0.00318967
0.00314993
0.00316868
0.00318299
0.00319299
0.00319807
0.00319807
0.00319299
0.00318299
0.00316868
0.00314993
0.00311096
0.00312986
0.00314427
0.00315434
0.00315945
0.00315945
0.00315434
0.00314427
0.00312986
0.00311096
0.00307278
0.00309182
0.00310632
0.00311646
0.0031216
0.0031216
0.00311646
0.00310632
0.00309182
0.00307278
0.0030354
0.00305458
0.00306916
0.00307936
0.00308453
0.00308453
0.00307936
0.00306916
0.00305458
0.0030354
0.00299882
0.00301813
0.00303279
0.00304305
0.00304825
0.00304825
0.00304305
0.00303279
0.00301813
0.00299882
0.00296304
0.00298247
0.00299721
0.00300753
0.00301275
0.00301275
0.00300753
0.00299721
0.00298247
0.00296304
0.00292805
0.0029476
0.00296241
0.00297278
0.00297803
0.00297803
0.00297278
0.00296241
0.0029476
0.00292805
0.00289384
0.00291349
0.00292837
0.0029388
0.00294407
0.00294407
0.0029388
0.00292837
0.00291349
0.00289384
0.0028604
0.00288015
0.00289509
0.00290556
0.00291086
0.00291086
0.00290556
0.00289509
0.00288015
0.0028604
0.00282771
0.00284754
0.00286255
0.00287307
0.00287838
0.00287838
0.00287307
0.00286255
0.00284754
0.00282771
0.00279575
0.00281566
0.00283073
0.00284129
0.00284662
0.00284662
0.00284129
0.00283073
0.00281566
0.00279575
0.00276451
0.00278449
0.00279961
0.00281021
0.00281556
0.00281556
0.00281021
0.00279961
0.00278449
0.00276451
0.00273396
0.00275401
0.00276918
0.00277982
0.00278518
0.00278518
0.00277982
0.00276918
0.00275401
0.00273396
0.0027041
0.0027242
0.00273942
0.00275009
0.00275547
0.00275547
0.00275009
0.00273942
0.0027242
0.0027041
0.00267489
0.00269505
0.00271031
0.00272101
0.00272641
0.00272641
0.00272101
0.00271031
0.00269505
0.00267489
0.00264633
0.00266654
0.00268184
0.00269256
0.00269797
0.00269797
0.00269256
0.00268184
0.00266654
0.00264633
0.0026184
0.00263864
0.00265398
0.00266473
0.00267016
0.00267016
0.00266473
0.00265398
0.00263864
0.0026184
0.00259109
0.00261136
0.00262673
0.0026375
0.00264294
0.00264294
0.0026375
0.00262673
0.00261136
0.00259109
0.00256436
0.00258466
0.00260006
0.00261085
0.0026163
0.0026163
0.00261085
0.00260006
0.00258466
0.00256436
0.00253822
0.00255853
0.00257396
0.00258477
0.00259022
0.00259022
0.00258477
0.00257396
0.00255853
0.00253822
0.00251264
0.00253296
0.00254842
0.00255924
0.0025647
0.0025647
0.00255924
0.00254842
0.00253296
0.00251264
0.0024876
0.00250793
0.00252341
0.00253424
0.00253971
0.00253971
0.00253424
0.00252341
0.00250793
0.0024876
0.0024631
0.00248343
0.00249893
0.00250977
0.00251525
0.00251525
0.00250977
0.00249893
0.00248343
0.0024631
0.00243911
0.00245944
0.00247495
0.0024858
0.00249128
0.00249128
0.0024858
0.00247495
0.00245944
0.00243911
0.00241562
0.00243595
0.00245147
0.00246233
0.00246781
0.00246781
0.00246233
0.00245147
0.00243595
0.00241562
0.00239262
0.00241294
0.00242847
0.00243933
0.00244482
0.00244482
0.00243933
0.00242847
0.00241294
0.00239262
0.00237009
0.00239039
0.00240593
0.00241679
0.00242228
0.00242228
0.00241679
0.00240593
0.00239039
0.00237009
0.00234801
0.00236829
0.00238383
0.00239469
0.00240018
0.00240018
0.00239469
0.00238383
0.00236829
0.00234801
0.00232636
0.00234661
0.00236216
0.00237302
0.00237851
0.00237851
0.00237302
0.00236216
0.00234661
0.00232636
0.00230513
0.00232535
0.00234089
0.00235175
0.00235724
0.00235724
0.00235175
0.00234089
0.00232535
0.00230513
0.00228428
0.00230447
0.00232
0.00233085
0.00233634
0.00233634
0.00233085
0.00232
0.00230447
0.00228428
0.00226381
0.00228396
0.00229949
0.00231033
0.00231582
0.00231582
0.00231033
0.00229949
0.00228396
0.00226381
0.00224355
0.00226367
0.00227919
0.00229002
0.0022955
0.0022955
0.00229002
0.00227919
0.00226367
0.00224355
0.00222391
0.00224398
0.00225949
0.00227032
0.0022758
0.0022758
0.00227032
0.00225949
0.00224398
0.00222391
0.00220327
0.00222329
0.00223879
0.00224959
0.00225507
0.00225507
0.00224959
0.00223879
0.00222329
0.00220327
0.00218709
0.00220708
0.00222256
0.00223336
0.00223883
0.00223883
0.00223336
0.00222256
0.00220708
0.00218709
0.00215762
0.00217752
0.00219298
0.00220375
0.00220921
0.00220921
0.00220375
0.00219298
0.00217752
0.00215762
0.00363856
0.0036548
0.00366767
0.0036766
0.00368117
0.00368117
0.0036766
0.00366767
0.0036548
0.00363856
0.00361986
0.00363628
0.00364922
0.00365821
0.0036628
0.0036628
0.00365821
0.00364922
0.00363628
0.00361986
0.00359515
0.00361177
0.00362482
0.00363388
0.00363852
0.00363852
0.00363388
0.00362482
0.00361177
0.00359515
0.00356031
0.00357713
0.00359031
0.00359947
0.00360414
0.00360414
0.00359947
0.00359031
0.00357713
0.00356031
0.00352079
0.00353781
0.00355112
0.00356037
0.00356509
0.00356509
0.00356037
0.00355112
0.00353781
0.00352079
0.00348021
0.00349744
0.00351087
0.00352021
0.00352497
0.00352497
0.00352021
0.00351087
0.00349744
0.0034802
0.00343901
0.00345645
0.00347
0.00347943
0.00348424
0.00348424
0.00347943
0.00347
0.00345645
0.00343901
0.0033971
0.00341475
0.00342843
0.00343795
0.0034428
0.0034428
0.00343795
0.00342843
0.00341475
0.0033971
0.00335489
0.00337273
0.00338653
0.00339613
0.00340103
0.00340103
0.00339613
0.00338653
0.00337273
0.00335489
0.00331283
0.00333086
0.00334477
0.00335446
0.0033594
0.0033594
0.00335446
0.00334477
0.00333086
0.00331283
0.00327119
0.00328942
0.00330344
0.00331321
0.00331818
0.00331818
0.00331321
0.00330344
0.00328942
0.00327119
0.00323011
0.00324852
0.00326264
0.00327249
0.0032775
0.0032775
0.00327249
0.00326264
0.00324852
0.00323011
0.00318967
0.00320825
0.00322247
0.00323239
0.00323744
0.00323744
0.00323239
0.00322247
0.00320825
0.00318967
0.00314993
0.00316868
0.00318299
0.00319299
0.00319807
0.00319807
0.00319299
0.00318299
0.00316868
0.00314993
0.00311096
0.00312986
0.00314427
0.00315434
0.00315945
0.00315945
0.00315434
0.00314427
0.00312986
0.00311096
0.00307278
0.00309182
0.00310632
0.00311646
0.0031216
0.0031216
0.00311646
0.00310632
0.00309182
0.00307278
0.0030354
0.00305458
0.00306916
0.00307936
0.00308453
0.00308453
0.00307936
0.00306916
0.00305458
0.0030354
0.00299882
0.00301813
0.00303279
0.00304305
0.00304825
0.00304825
0.00304305
0.00303279
0.00301813
0.00299882
0.00296304
0.00298247
0.00299721
0.00300753
0.00301275
0.00301275
0.00300753
0.00299721
0.00298247
0.00296304
0.00292805
0.0029476
0.00296241
0.00297278
0.00297803
0.00297803
0.00297278
0.00296241
0.0029476
0.00292805
0.00289384
0.00291349
0.00292837
0.0029388
0.00294407
0.00294407
0.0029388
0.00292837
0.00291349
0.00289384
0.0028604
0.00288015
0.00289509
0.00290556
0.00291086
0.00291086
0.00290556
0.00289509
0.00288015
0.0028604
0.00282771
0.00284754
0.00286255
0.00287307
0.00287838
0.00287838
0.00287307
0.00286255
0.00284754
0.00282771
0.00279575
0.00281566
0.00283073
0.00284129
0.00284662
0.00284662
0.00284129
0.00283073
0.00281566
0.00279575
0.00276451
0.00278449
0.00279961
0.00281021
0.00281556
0.00281556
0.00281021
0.00279961
0.00278449
0.00276451
0.00273396
0.00275401
0.00276918
0.00277982
0.00278518
0.00278518
0.00277982
0.00276918
0.00275401
0.00273396
0.0027041
0.0027242
0.00273942
0.00275009
0.00275547
0.00275547
0.00275009
0.00273942
0.0027242
0.0027041
0.00267489
0.00269505
0.00271031
0.00272101
0.00272641
0.00272641
0.00272101
0.00271031
0.00269505
0.00267489
0.00264633
0.00266654
0.00268184
0.00269256
0.00269797
0.00269797
0.00269256
0.00268184
0.00266654
0.00264633
0.0026184
0.00263864
0.00265398
0.00266473
0.00267016
0.00267016
0.00266473
0.00265398
0.00263864
0.0026184
0.00259109
0.00261136
0.00262673
0.0026375
0.00264294
0.00264294
0.0026375
0.00262673
0.00261136
0.00259109
0.00256436
0.00258466
0.00260006
0.00261085
0.0026163
0.0026163
0.00261085
0.00260006
0.00258466
0.00256436
0.00253822
0.00255853
0.00257396
0.00258477
0.00259022
0.00259022
0.00258477
0.00257396
0.00255853
0.00253822
0.00251264
0.00253296
0.00254842
0.00255924
0.0025647
0.0025647
0.00255924
0.00254842
0.00253296
0.00251264
0.0024876
0.00250793
0.00252341
0.00253424
0.00253971
0.00253971
0.00253424
0.00252341
0.00250793
0.0024876
0.0024631
0.00248343
0.00249893
0.00250977
0.00251525
0.00251525
0.00250977
0.00249893
0.00248343
0.0024631
0.00243911
0.00245944
0.00247495
0.0024858
0.00249128
0.00249128
0.0024858
0.00247495
0.00245944
0.00243911
0.00241562
0.00243595
0.00245147
0.00246233
0.00246781
0.00246781
0.00246233
0.00245147
0.00243595
0.00241562
0.00239262
0.00241294
0.00242847
0.00243933
0.00244482
0.00244482
0.00243933
0.00242847
0.00241294
0.00239262
0.00237009
0.00239039
0.00240593
0.00241679
0.00242228
0.00242228
0.00241679
0.00240593
0.00239039
0.00237009
0.00234801
0.00236829
0.00238383
0.00239469
0.00240018
0.00240018
0.00239469
0.00238383
0.00236829
0.00234801
0.00232636
0.00234661
0.00236216
0.00237302
0.00237851
0.00237851
0.00237302
0.00236216
0.00234661
0.00232636
0.00230513
0.00232535
0.00234089
0.00235175
0.00235724
0.00235724
0.00235175
0.00234089
0.00232535
0.00230513
0.00228428
0.00230447
0.00232
0.00233085
0.00233634
0.00233634
0.00233085
0.00232
0.00230447
0.00228428
0.00226381
0.00228396
0.00229949
0.00231033
0.00231582
0.00231582
0.00231033
0.00229949
0.00228396
0.00226381
0.00224355
0.00226367
0.00227919
0.00229002
0.0022955
0.0022955
0.00229002
0.00227919
0.00226367
0.00224355
0.00222391
0.00224398
0.0022595
0.00227032
0.0022758
0.0022758
0.00227032
0.00225949
0.00224398
0.00222391
0.00220327
0.00222329
0.00223879
0.00224959
0.00225507
0.00225507
0.00224959
0.00223879
0.00222329
0.00220327
0.00218709
0.00220708
0.00222256
0.00223336
0.00223883
0.00223883
0.00223336
0.00222256
0.00220708
0.00218709
0.00215762
0.00217753
0.00219298
0.00220375
0.00220922
0.00220921
0.00220375
0.00219298
0.00217752
0.00215762
0.00363856
0.0036548
0.00366767
0.0036766
0.00368117
0.00368117
0.0036766
0.00366767
0.0036548
0.00363856
0.00361986
0.00363628
0.00364922
0.00365821
0.0036628
0.0036628
0.00365821
0.00364922
0.00363628
0.00361986
0.00359515
0.00361177
0.00362482
0.00363388
0.00363852
0.00363852
0.00363388
0.00362482
0.00361177
0.00359515
0.00356031
0.00357713
0.00359031
0.00359947
0.00360414
0.00360414
0.00359947
0.00359031
0.00357713
0.00356031
0.00352079
0.00353781
0.00355112
0.00356037
0.00356509
0.00356509
0.00356037
0.00355112
0.00353781
0.00352079
0.0034802
0.00349744
0.00351087
0.00352021
0.00352497
0.00352497
0.00352021
0.00351087
0.00349744
0.00348021
0.00343901
0.00345645
0.00347
0.00347943
0.00348424
0.00348424
0.00347943
0.00347
0.00345645
0.00343901
0.0033971
0.00341475
0.00342843
0.00343795
0.0034428
0.0034428
0.00343795
0.00342843
0.00341475
0.0033971
0.00335489
0.00337273
0.00338653
0.00339613
0.00340103
0.00340103
0.00339613
0.00338653
0.00337273
0.00335489
0.00331283
0.00333086
0.00334477
0.00335446
0.0033594
0.0033594
0.00335446
0.00334477
0.00333086
0.00331283
0.00327119
0.00328942
0.00330344
0.00331321
0.00331818
0.00331818
0.00331321
0.00330344
0.00328942
0.00327119
0.00323011
0.00324852
0.00326264
0.00327249
0.0032775
0.0032775
0.00327249
0.00326264
0.00324852
0.00323011
0.00318967
0.00320825
0.00322247
0.00323239
0.00323744
0.00323744
0.00323239
0.00322247
0.00320825
0.00318967
0.00314993
0.00316868
0.00318299
0.00319299
0.00319807
0.00319807
0.00319299
0.00318299
0.00316868
0.00314993
0.00311096
0.00312986
0.00314427
0.00315434
0.00315945
0.00315945
0.00315434
0.00314427
0.00312986
0.00311096
0.00307278
0.00309182
0.00310632
0.00311646
0.0031216
0.0031216
0.00311646
0.00310632
0.00309182
0.00307278
0.0030354
0.00305458
0.00306916
0.00307936
0.00308453
0.00308453
0.00307936
0.00306916
0.00305458
0.0030354
0.00299882
0.00301813
0.00303279
0.00304305
0.00304825
0.00304825
0.00304305
0.00303279
0.00301813
0.00299882
0.00296304
0.00298247
0.00299721
0.00300753
0.00301275
0.00301275
0.00300753
0.00299721
0.00298247
0.00296304
0.00292805
0.0029476
0.00296241
0.00297278
0.00297803
0.00297803
0.00297278
0.00296241
0.0029476
0.00292805
0.00289384
0.00291349
0.00292837
0.0029388
0.00294407
0.00294407
0.0029388
0.00292837
0.00291349
0.00289384
0.0028604
0.00288015
0.00289509
0.00290556
0.00291086
0.00291086
0.00290556
0.00289509
0.00288015
0.0028604
0.00282771
0.00284754
0.00286255
0.00287307
0.00287838
0.00287838
0.00287307
0.00286255
0.00284754
0.00282771
0.00279575
0.00281566
0.00283073
0.00284129
0.00284662
0.00284662
0.00284129
0.00283073
0.00281566
0.00279575
0.00276451
0.00278449
0.00279961
0.00281021
0.00281556
0.00281556
0.00281021
0.00279961
0.00278449
0.00276451
0.00273396
0.00275401
0.00276918
0.00277982
0.00278518
0.00278518
0.00277982
0.00276918
0.00275401
0.00273396
0.0027041
0.0027242
0.00273942
0.00275009
0.00275547
0.00275547
0.00275009
0.00273942
0.0027242
0.0027041
0.00267489
0.00269505
0.00271031
0.00272101
0.00272641
0.00272641
0.00272101
0.00271031
0.00269505
0.00267489
0.00264633
0.00266654
0.00268184
0.00269256
0.00269797
0.00269797
0.00269256
0.00268184
0.00266654
0.00264633
0.0026184
0.00263864
0.00265398
0.00266473
0.00267016
0.00267016
0.00266473
0.00265398
0.00263864
0.0026184
0.00259109
0.00261136
0.00262673
0.0026375
0.00264294
0.00264294
0.0026375
0.00262673
0.00261136
0.00259109
0.00256436
0.00258466
0.00260006
0.00261085
0.0026163
0.0026163
0.00261085
0.00260006
0.00258466
0.00256436
0.00253822
0.00255853
0.00257396
0.00258477
0.00259022
0.00259022
0.00258477
0.00257396
0.00255853
0.00253822
0.00251264
0.00253296
0.00254842
0.00255924
0.0025647
0.0025647
0.00255924
0.00254842
0.00253296
0.00251264
0.0024876
0.00250793
0.00252341
0.00253424
0.00253971
0.00253971
0.00253424
0.00252341
0.00250793
0.0024876
0.0024631
0.00248343
0.00249893
0.00250977
0.00251525
0.00251525
0.00250977
0.00249893
0.00248343
0.0024631
0.00243911
0.00245944
0.00247495
0.0024858
0.00249128
0.00249128
0.0024858
0.00247495
0.00245944
0.00243911
0.00241562
0.00243595
0.00245147
0.00246233
0.00246781
0.00246781
0.00246233
0.00245147
0.00243595
0.00241562
0.00239262
0.00241294
0.00242847
0.00243933
0.00244482
0.00244482
0.00243933
0.00242847
0.00241294
0.00239262
0.00237009
0.00239039
0.00240593
0.00241679
0.00242228
0.00242228
0.00241679
0.00240593
0.00239039
0.00237009
0.00234801
0.00236829
0.00238383
0.00239469
0.00240018
0.00240018
0.00239469
0.00238383
0.00236829
0.00234801
0.00232636
0.00234661
0.00236216
0.00237302
0.00237851
0.00237851
0.00237302
0.00236216
0.00234661
0.00232636
0.00230513
0.00232535
0.00234089
0.00235175
0.00235724
0.00235724
0.00235175
0.00234089
0.00232535
0.00230513
0.00228428
0.00230447
0.00232
0.00233085
0.00233634
0.00233634
0.00233085
0.00232
0.00230447
0.00228428
0.00226381
0.00228396
0.00229949
0.00231033
0.00231582
0.00231582
0.00231033
0.00229949
0.00228396
0.00226381
0.00224355
0.00226367
0.00227919
0.00229002
0.0022955
0.0022955
0.00229002
0.00227919
0.00226367
0.00224355
0.00222391
0.00224398
0.0022595
0.00227032
0.0022758
0.0022758
0.00227032
0.0022595
0.00224398
0.00222391
0.00220327
0.00222329
0.00223879
0.00224959
0.00225507
0.00225507
0.00224959
0.00223879
0.00222329
0.00220327
0.00218709
0.00220708
0.00222256
0.00223336
0.00223883
0.00223883
0.00223336
0.00222256
0.00220708
0.00218709
0.00215762
0.00217753
0.00219298
0.00220375
0.00220922
0.00220922
0.00220375
0.00219298
0.00217753
0.00215762
)
;
    }
    inlet
    {
        type            calculated;
        value           uniform 0;
    }
    outlet
    {
        type            calculated;
        value           uniform 0;
    }
}


// ************************************************************************* //
