0.005	0
0.01	0
0.015	0
0.02	0
0.025	0
0.03	0
0.035	1
0.04	1
0.045	1
0.05	1
0.055	1
0.06	1
0.065	1
0.07	1
0.075	1
0.08	1
0.085	1
0.09	1
0.095	1
0.1	1
0.105	1
0.11	1
0.115	1
0.12	1
0.125	1
0.13	2
0.135	2
0.14	2
0.145	2
0.15	2
0.155	2
0.16	2
0.165	2
0.17	2
0.175	2
0.18	2
0.185	2
0.19	2
0.195	2
0.2	2
0.205	2
0.21	2
0.215	2
0.22	2
0.225	2
0.23	2
0.235	2
0.24	2
0.245	2
0.25	2
0.255	2
0.26	2
0.265	2
0.27	2
0.275	2
0.28	2
0.285	2
0.29	2
0.295	2
0.3	2
0.305	2
0.31	2
0.315	3
0.32	3
0.325	3
0.33	3
0.335	3
0.34	3
0.345	3
0.35	3
0.355	3
0.36	3
0.365	3
0.37	3
0.375	3
0.38	3
0.385	3
0.39	3
0.395	3
0.4	3
0.405	3
0.41	3
0.415	3
0.42	3
0.425	3
0.43	3
0.435	3
0.44	3
0.445	3
0.45	3
0.455	3
0.46	3
0.465	3
0.47	3
0.475	3
0.48	3
0.485	3
0.49	3
0.495	3
0.5	3
0.505	3
0.51	3
0.515	3
0.52	3
0.525	3
0.53	3
0.535	3
0.54	3
0.545	3
0.55	3
0.555	3
0.56	3
0.565	3
0.57	3
0.575	3
0.58	3
0.585	3
0.59	3
0.595	3
0.6	3
0.605	3
0.61	3
0.615	3
0.62	3
0.625	3
0.63	3
0.635	3
0.64	3
0.645	3
0.65	3
0.655	3
0.66	3
0.665	3
0.67	3
0.675	3
0.68	3
0.685	3
0.69	3
0.695	3
0.7	3
0.705	3
0.71	3
0.715	3
0.72	3
0.725	3
0.73	3
0.735	4
0.74	4
0.745	4
0.75	4
0.755	4
0.76	4
0.765	4
0.77	4
0.775	4
0.78	4
0.785	4
0.79	4
0.795	4
0.8	4
0.805	4
0.81	4
0.815	4
0.82	4
0.825	4
0.83	4
0.835	4
0.84	4
0.845	4
0.85	4
0.855	4
0.86	4
0.865	4
0.87	4
0.875	4
0.88	4
0.885	4
0.89	4
0.895	4
0.9	4
0.905	4
0.91	4
0.915	4
0.92	4
0.925	4
0.93	4
0.935	4
0.94	4
0.945	4
0.95	4
0.955	4
0.96	5
0.965	5
0.97	5
0.975	5
0.98	5
0.985	5
0.99	5
0.995	5
1	5
1.005	5
1.01	5
1.015	5
1.02	5
1.025	5
1.03	5
1.035	5
1.04	5
1.045	5
1.05	5
1.055	5
1.06	5
1.065	5
1.07	5
1.075	5
1.08	5
1.085	5
1.09	5
1.095	5
1.1	5
1.105	5
1.11	5
1.115	5
1.12	5
1.125	5
1.13	5
1.135	5
1.14	5
1.145	5
1.15	5
1.155	5
1.16	5
1.165	5
1.17	6
1.175	6
1.18	6
1.185	6
1.19	6
1.195	6
1.2	6
1.205	6
1.21	6
1.215	6
1.22	6
1.225	6
1.23	6
1.235	6
1.24	6
1.245	6
1.25	6
1.255	6
1.26	6
1.265	6
1.27	6
1.275	6
1.28	6
1.285	6
1.29	6
1.295	6
1.3	6
1.305	6
1.31	6
1.315	6
1.32	6
1.325	6
1.33	6
1.335	6
1.34	6
1.345	6
1.35	7
1.355	7
1.36	7
1.365	7
1.37	7
1.375	7
1.38	7
1.385	7
1.39	7
1.395	7
1.4	7
1.405	7
1.41	7
1.415	7
1.42	7
1.425	7
1.43	7
1.435	7
1.44	7
1.445	7
1.45	7
1.455	7
1.46	7
1.465	7
1.47	7
1.475	7
1.48	7
1.485	7
1.49	7
1.495	7
1.5	7
1.505	7
1.51	7
1.515	7
1.52	7
1.525	7
1.53	7
1.535	7
1.54	7
1.545	7
1.55	7
1.555	7
1.56	7
1.565	8
1.57	8
1.575	8
1.58	8
1.585	8
1.59	8
1.595	8
1.6	8
1.605	8
1.61	8
1.615	8
1.62	8
1.625	8
1.63	8
1.635	8
1.64	8
1.645	8
1.65	8
1.655	8
1.66	8
1.665	8
1.67	8
1.675	8
1.68	8
1.685	8
1.69	8
1.695	8
1.7	8
1.705	8
1.71	8
1.715	8
1.72	8
1.725	8
1.73	8
1.735	8
1.74	8
1.745	8
1.75	8
1.755	8
1.76	8
1.765	8
1.77	8
1.775	8
1.78	9
1.785	9
1.79	9
1.795	9
1.8	9
1.805	9
1.81	9
1.815	9
1.82	9
1.825	9
1.83	9
1.835	9
1.84	9
1.845	9
1.85	9
1.855	9
1.86	9
1.865	9
1.87	9
1.875	9
1.88	9
1.885	9
1.89	9
1.895	9
1.9	9
1.905	9
1.91	9
1.915	9
1.92	9
1.925	9
1.93	9
1.935	9
1.94	9
1.945	9
1.95	9
1.955	9
1.96	10
1.965	10
1.97	10
1.975	10
1.98	10
1.985	10
1.99	10
1.995	10
2	10
2.005	10
2.01	10
2.015	10
2.02	10
2.025	10
2.03	10
2.035	10
2.04	10
2.045	10
2.05	10
2.055	10
2.06	10
2.065	10
2.07	10
2.075	10
2.08	10
2.085	10
2.09	10
2.095	10
2.1	10
2.105	10
2.11	10
2.115	10
2.12	10
2.125	10
2.13	10
2.135	10
2.14	10
2.145	11
2.15	11
2.155	11
2.16	11
2.165	11
2.17	11
2.175	11
2.18	11
2.185	11
2.19	11
2.195	11
2.2	11
2.205	11
2.21	11
2.215	11
2.22	11
2.225	11
2.23	11
2.235	11
2.24	11
2.245	11
2.25	11
2.255	11
2.26	11
2.265	11
2.27	11
2.275	11
2.28	11
2.285	11
2.29	11
2.295	11
2.3	11
2.305	11
2.31	11
2.315	11
2.32	11
2.325	11
2.33	11
2.335	11
2.34	11
2.345	11
2.35	12
2.355	12
2.36	12
2.365	12
2.37	12
2.375	12
2.38	12
2.385	12
2.39	12
2.395	12
2.4	12
2.405	12
2.41	12
2.415	12
2.42	12
2.425	12
2.43	12
2.435	12
2.44	12
2.445	12
2.45	12
2.455	12
2.46	12
2.465	12
2.47	12
2.475	12
2.48	12
2.485	12
2.49	12
2.495	12
2.5	12
2.505	12
2.51	12
2.515	12
2.52	12
2.525	12
2.53	12
2.535	12
2.54	12
2.545	13
2.55	13
2.555	13
2.56	13
2.565	13
2.57	13
2.575	13
2.58	13
2.585	13
2.59	13
2.595	13
2.6	13
2.605	13
2.61	13
2.615	13
2.62	13
2.625	13
2.63	13
2.635	13
2.64	13
2.645	13
2.65	13
2.655	13
2.66	13
2.665	13
2.67	13
2.675	13
2.68	13
2.685	13
2.69	13
2.695	13
2.7	13
2.705	13
2.71	13
2.715	13
2.72	13
2.725	13
2.73	13
2.735	13
2.74	14
2.745	14
2.75	14
2.755	14
2.76	14
2.765	14
2.77	14
2.775	14
2.78	14
2.785	14
2.79	14
2.795	14
2.8	14
2.805	14
2.81	14
2.815	14
2.82	14
2.825	14
2.83	14
2.835	14
2.84	14
2.845	14
2.85	14
2.855	14
2.86	14
2.865	14
2.87	14
2.875	14
2.88	14
2.885	14
2.89	14
2.895	14
2.9	14
2.905	14
2.91	14
2.915	14
2.92	15
2.925	15
2.93	15
2.935	15
2.94	15
2.945	15
2.95	15
2.955	15
2.96	15
2.965	15
2.97	15
2.975	15
2.98	15
2.985	15
2.99	15
2.995	15
3	15
3.005	15
3.01	15
3.015	15
3.02	15
3.025	15
3.03	15
3.035	15
3.04	15
3.045	15
3.05	15
3.055	15
3.06	15
3.065	15
3.07	15
3.075	15
3.08	15
3.085	15
3.09	15
3.095	15
3.1	16
3.105	16
3.11	16
3.115	16
3.12	16
3.125	16
3.13	16
3.135	16
3.14	16
3.145	16
3.15	17
3.155	17
3.16	17
3.165	17
3.17	17
3.175	17
3.18	17
3.185	17
3.19	17
3.195	17
3.2	17
3.205	17
3.21	17
3.215	17
3.22	17
3.225	17
3.23	17
3.235	17
3.24	17
3.245	17
3.25	17
3.255	17
3.26	18
3.265	18
3.27	18
3.275	18
3.28	18
3.285	18
3.29	18
3.295	18
3.3	18
3.305	18
3.31	18
3.315	18
3.32	18
3.325	18
3.33	18
3.335	18
3.34	18
3.345	18
3.35	18
3.355	18
3.36	18
3.365	18
3.37	18
3.375	18
3.38	18
3.385	18
3.39	18
3.395	18
3.4	18
3.405	18
3.41	18
3.415	18
3.42	18
3.425	18
3.43	18
3.435	18
3.44	18
3.445	18
3.45	19
3.455	19
3.46	19
3.465	19
3.47	19
3.475	19
3.48	19
3.485	19
3.49	19
3.495	19
3.5	19
3.505	19
3.51	19
3.515	19
3.52	19
3.525	19
3.53	19
3.535	19
3.54	19
3.545	19
3.55	19
3.555	19
3.56	19
3.565	19
3.57	19
3.575	19
3.58	19
3.585	19
3.59	19
3.595	19
3.6	19
3.605	19
3.61	19
3.615	19
3.62	19
3.625	19
3.63	19
3.635	19
3.64	19
3.645	19
3.65	19
3.655	19
3.66	20
3.665	20
3.67	20
3.675	20
3.68	20
3.685	20
3.69	20
3.695	20
3.7	20
3.705	20
3.71	20
3.715	20
3.72	20
3.725	20
3.73	20
3.735	20
3.74	20
3.745	20
3.75	20
3.755	20
3.76	20
3.765	20
3.77	20
3.775	20
3.78	20
3.785	20
3.79	20
3.795	20
3.8	20
3.805	20
3.81	20
3.815	20
3.82	20
3.825	20
3.83	20
3.835	20
3.84	20
3.845	20
3.85	20
3.855	20
3.86	20
3.865	20
3.87	20
3.875	20
3.88	21
3.885	21
3.89	21
3.895	21
3.9	21
3.905	21
3.91	21
3.915	21
3.92	21
3.925	21
3.93	21
3.935	21
3.94	21
3.945	21
3.95	21
3.955	21
3.96	21
3.965	21
3.97	21
3.975	21
3.98	21
3.985	21
3.99	21
3.995	21
4	21
4.005	21
4.01	21
4.015	21
4.02	21
4.025	21
4.03	21
4.035	21
4.04	21
4.045	21
4.05	21
4.055	21
4.06	21
4.065	21
4.07	21
4.075	21
4.08	21
4.085	21
4.09	22
4.095	22
4.1	22
4.105	22
4.11	22
4.115	22
4.12	22
4.125	22
4.13	22
4.135	22
4.14	22
4.145	22
4.15	22
4.155	22
4.16	22
4.165	22
4.17	22
4.175	22
4.18	22
4.185	22
4.19	22
4.195	22
4.2	22
4.205	22
4.21	22
4.215	22
4.22	22
4.225	22
4.23	22
4.235	22
4.24	22
4.245	22
4.25	22
4.255	22
4.26	22
4.265	22
4.27	22
4.275	22
4.28	22
4.285	22
4.29	22
4.295	22
4.3	23
4.305	23
4.31	23
4.315	23
4.32	23
4.325	23
4.33	23
4.335	23
4.34	23
4.345	23
4.35	23
4.355	23
4.36	23
4.365	23
4.37	23
4.375	23
4.38	23
4.385	23
4.39	23
4.395	23
4.4	23
4.405	23
4.41	23
4.415	23
4.42	23
4.425	23
4.43	23
4.435	23
4.44	23
4.445	23
4.45	23
4.455	23
4.46	23
4.465	23
4.47	23
4.475	23
4.48	23
4.485	23
4.49	24
4.495	24
4.5	24
4.505	24
4.51	24
4.515	24
4.52	24
4.525	24
4.53	24
4.535	24
4.54	24
4.545	24
4.55	24
4.555	24
4.56	24
4.565	24
4.57	24
4.575	24
4.58	24
4.585	24
4.59	24
4.595	24
4.6	24
4.605	24
4.61	24
4.615	24
4.62	24
4.625	24
4.63	24
4.635	24
4.64	24
4.645	24
4.65	24
4.655	24
4.66	24
4.665	24
4.67	24
4.675	24
4.68	25
4.685	25
4.69	25
4.695	25
4.7	25
4.705	25
4.71	25
4.715	25
4.72	25
4.725	25
4.73	25
4.735	25
4.74	25
4.745	25
4.75	25
4.755	25
4.76	25
4.765	25
4.77	25
4.775	25
4.78	25
4.785	25
4.79	25
4.795	25
4.8	25
4.805	25
4.81	25
4.815	25
4.82	25
4.825	25
4.83	25
4.835	25
4.84	25
4.845	25
4.85	25
4.855	25
4.86	25
4.865	25
4.87	25
4.875	25
4.88	26
4.885	26
4.89	26
4.895	26
4.9	26
4.905	26
4.91	26
4.915	26
4.92	26
4.925	26
4.93	26
4.935	26
4.94	26
4.945	26
4.95	26
4.955	26
4.96	26
4.965	26
4.97	26
4.975	26
4.98	26
4.985	26
4.99	26
4.995	26
5	26
5.005	26
5.01	26
5.015	26
5.02	26
5.025	26
5.03	26
5.035	26
5.04	26
5.045	26
5.05	26
5.055	26
5.06	26
5.065	27
5.07	27
5.075	27
5.08	27
5.085	27
5.09	27
5.095	27
5.1	27
5.105	27
5.11	27
5.115	27
5.12	27
5.125	27
5.13	27
5.135	27
5.14	27
5.145	27
5.15	27
5.155	27
5.16	27
5.165	27
5.17	27
5.175	27
5.18	27
5.185	27
5.19	27
5.195	27
5.2	27
5.205	27
5.21	27
5.215	27
5.22	27
5.225	27
5.23	27
5.235	27
5.24	27
5.245	27
5.25	27
5.255	27
5.26	27
5.265	28
5.27	28
5.275	28
5.28	28
5.285	28
5.29	28
5.295	28
5.3	28
5.305	28
5.31	28
5.315	28
5.32	28
5.325	28
5.33	28
5.335	28
5.34	28
5.345	28
5.35	28
5.355	28
5.36	28
5.365	28
5.37	28
5.375	28
5.38	28
5.385	28
5.39	28
5.395	28
5.4	28
5.405	28
5.41	28
5.415	28
5.42	28
5.425	28
5.43	28
5.435	28
5.44	28
5.445	28
5.45	28
5.455	28
5.46	28
5.465	28
5.47	28
5.475	29
5.48	29
5.485	29
5.49	29
5.495	29
5.5	29
5.505	29
5.51	29
5.515	29
5.52	29
5.525	29
5.53	29
5.535	29
5.54	29
5.545	29
5.55	29
5.555	29
5.56	29
5.565	29
5.57	29
5.575	29
5.58	29
5.585	29
5.59	29
5.595	29
5.6	29
5.605	29
5.61	29
5.615	29
5.62	29
5.625	29
5.63	29
5.635	29
5.64	29
5.645	29
5.65	29
5.655	29
5.66	29
5.665	30
5.67	30
5.675	30
5.68	30
5.685	30
5.69	30
5.695	30
5.7	30
5.705	30
5.71	30
5.715	30
5.72	30
5.725	30
5.73	30
5.735	30
5.74	30
5.745	30
5.75	30
5.755	30
5.76	30
5.765	30
5.77	30
5.775	30
5.78	30
5.785	30
5.79	30
5.795	30
5.8	30
5.805	30
5.81	30
5.815	30
5.82	30
5.825	30
5.83	30
5.835	30
5.84	30
5.845	30
5.85	30
5.855	31
5.86	31
5.865	31
5.87	31
5.875	31
5.88	31
5.885	31
5.89	31
5.895	31
5.9	31
5.905	31
5.91	31
5.915	31
5.92	31
5.925	31
5.93	31
5.935	31
5.94	31
5.945	31
5.95	31
5.955	31
5.96	31
5.965	31
5.97	31
5.975	31
5.98	31
5.985	31
5.99	31
5.995	31
6	31
6.005	31
6.01	31
6.015	31
6.02	31
6.025	32
6.03	32
6.035	32
6.04	32
6.045	32
6.05	32
6.055	32
6.06	32
6.065	32
6.07	32
6.075	32
6.08	32
6.085	32
6.09	32
6.095	32
6.1	32
6.105	32
6.11	32
6.115	32
6.12	32
6.125	32
6.13	32
6.135	32
6.14	32
6.145	32
6.15	32
6.155	32
6.16	32
6.165	32
6.17	32
6.175	32
6.18	32
6.185	32
6.19	32
6.195	32
6.2	32
6.205	33
6.21	33
6.215	33
6.22	33
6.225	33
6.23	33
6.235	33
6.24	33
6.245	33
6.25	33
6.255	33
6.26	33
6.265	33
6.27	33
6.275	33
6.28	33
6.285	33
6.29	33
6.295	33
6.3	33
6.305	33
6.31	33
6.315	33
6.32	33
6.325	33
6.33	33
6.335	33
6.34	33
6.345	33
6.35	33
6.355	33
6.36	33
6.365	33
6.37	33
6.375	33
6.38	33
6.385	33
6.39	33
6.395	33
6.4	34
6.405	34
6.41	34
6.415	34
6.42	34
6.425	34
6.43	34
6.435	34
6.44	34
6.445	34
6.45	34
6.455	34
6.46	34
6.465	34
6.47	34
6.475	34
6.48	34
6.485	34
6.49	34
6.495	34
6.5	34
6.505	34
6.51	34
6.515	34
6.52	34
6.525	34
6.53	34
6.535	34
6.54	34
6.545	34
6.55	34
6.555	34
6.56	34
6.565	34
6.57	34
6.575	34
6.58	34
6.585	34
6.59	34
6.595	34
6.6	35
6.605	35
6.61	35
6.615	35
6.62	35
6.625	35
6.63	35
6.635	35
6.64	35
6.645	35
6.65	35
6.655	35
6.66	35
6.665	35
6.67	35
6.675	35
6.68	35
6.685	35
6.69	35
6.695	35
6.7	35
6.705	35
6.71	35
6.715	35
6.72	35
6.725	35
6.73	35
6.735	35
6.74	35
6.745	35
6.75	35
6.755	35
6.76	35
6.765	35
6.77	35
6.775	35
6.78	35
6.785	35
6.79	35
6.795	35
6.8	36
6.805	36
6.81	36
6.815	36
6.82	36
6.825	36
6.83	36
6.835	36
6.84	36
6.845	36
6.85	36
6.855	36
6.86	36
6.865	36
6.87	36
6.875	36
6.88	36
6.885	36
6.89	36
6.895	36
6.9	36
6.905	36
6.91	36
6.915	36
6.92	36
6.925	36
6.93	36
6.935	36
6.94	36
6.945	36
6.95	36
6.955	36
6.96	36
6.965	36
6.97	36
6.975	36
6.98	36
6.985	36
6.99	37
6.995	37
7	37
7.005	37
7.01	37
7.015	37
7.02	37
7.025	37
7.03	37
7.035	37
7.04	37
7.045	37
7.05	37
7.055	37
7.06	37
7.065	37
7.07	37
7.075	37
7.08	37
7.085	37
7.09	37
7.095	37
7.1	37
7.105	37
7.11	37
7.115	37
7.12	37
7.125	37
7.13	37
7.135	37
7.14	37
7.145	37
7.15	37
7.155	37
7.16	37
7.165	37
7.17	37
7.175	37
7.18	37
7.185	38
7.19	38
7.195	38
7.2	38
7.205	38
7.21	38
7.215	38
7.22	38
7.225	38
7.23	38
7.235	38
7.24	38
7.245	38
7.25	38
7.255	38
7.26	38
7.265	38
7.27	38
7.275	38
7.28	38
7.285	38
7.29	38
7.295	38
7.3	38
7.305	38
7.31	38
7.315	38
7.32	38
7.325	38
7.33	38
7.335	38
7.34	38
7.345	38
7.35	38
7.355	38
7.36	38
7.365	39
7.37	39
7.375	39
7.38	39
7.385	39
7.39	39
7.395	39
7.4	39
7.405	39
7.41	39
7.415	39
7.42	39
7.425	39
7.43	39
7.435	39
7.44	39
7.445	39
7.45	39
7.455	39
7.46	39
7.465	39
7.47	39
7.475	39
7.48	39
7.485	39
7.49	39
7.495	39
7.5	39
7.505	39
7.51	39
7.515	39
7.52	39
7.525	39
7.53	39
7.535	39
7.54	39
7.545	39
7.55	39
7.555	40
7.56	40
7.565	40
7.57	40
7.575	40
7.58	40
7.585	40
7.59	40
7.595	40
7.6	40
7.605	40
7.61	40
7.615	40
7.62	40
7.625	40
7.63	40
7.635	40
7.64	40
7.645	40
7.65	40
7.655	40
7.66	40
7.665	40
7.67	40
7.675	40
7.68	40
7.685	40
7.69	40
7.695	40
7.7	40
7.705	40
7.71	40
7.715	40
7.72	40
7.725	40
7.73	40
7.735	40
7.74	41
7.745	41
7.75	41
7.755	41
7.76	41
7.765	41
7.77	41
7.775	41
7.78	41
7.785	41
7.79	41
7.795	41
7.8	41
7.805	41
7.81	41
7.815	41
7.82	41
7.825	41
7.83	41
7.835	41
7.84	41
7.845	41
7.85	41
7.855	41
7.86	41
7.865	41
7.87	41
7.875	41
7.88	41
7.885	41
7.89	41
7.895	41
7.9	41
7.905	41
7.91	41
7.915	41
7.92	41
7.925	41
7.93	42
7.935	42
7.94	42
7.945	42
7.95	42
7.955	42
7.96	42
7.965	42
7.97	42
7.975	42
7.98	42
7.985	42
7.99	42
7.995	42
8	42
8.005	42
8.01	42
8.015	42
8.02	42
8.025	42
8.03	42
8.035	42
8.04	42
8.045	42
8.05	42
8.055	42
8.06	42
8.065	42
8.07	42
8.075	42
8.08	42
8.085	42
8.09	42
8.095	42
8.1	42
8.105	42
8.11	42
8.115	42
8.12	43
8.125	43
8.13	43
8.135	43
8.14	43
8.145	43
8.15	43
8.155	43
8.16	43
8.165	43
8.17	43
8.175	43
8.18	43
8.185	43
8.19	43
8.195	43
8.2	43
8.205	43
8.21	43
8.215	43
8.22	43
8.225	43
8.23	43
8.235	43
8.24	43
8.245	43
8.25	43
8.255	43
8.26	43
8.265	43
8.27	43
8.275	43
8.28	43
8.285	43
8.29	43
8.295	43
8.3	43
8.305	43
8.31	44
8.315	44
8.32	44
8.325	44
8.33	44
8.335	44
8.34	44
8.345	44
8.35	44
8.355	44
8.36	44
8.365	44
8.37	44
8.375	44
8.38	44
8.385	44
8.39	44
8.395	44
8.4	44
8.405	44
8.41	44
8.415	44
8.42	44
8.425	44
8.43	44
8.435	44
8.44	44
8.445	44
8.45	44
8.455	44
8.46	44
8.465	44
8.47	44
8.475	44
8.48	44
8.485	44
8.49	44
8.495	44
8.5	45
8.505	45
8.51	45
8.515	45
8.52	45
8.525	45
8.53	45
8.535	45
8.54	45
8.545	45
8.55	45
8.555	45
8.56	45
8.565	45
8.57	45
8.575	45
8.58	45
8.585	45
8.59	45
8.595	45
8.6	45
8.605	45
8.61	45
8.615	45
8.62	45
8.625	45
8.63	45
8.635	45
8.64	45
8.645	45
8.65	45
8.655	45
8.66	45
8.665	45
8.67	45
8.675	45
8.68	45
8.685	46
8.69	46
8.695	46
8.7	46
8.705	46
8.71	46
8.715	46
8.72	46
8.725	46
8.73	46
8.735	46
8.74	46
8.745	46
8.75	46
8.755	46
8.76	46
8.765	46
8.77	46
8.775	46
8.78	46
8.785	46
8.79	46
8.795	46
8.8	46
8.805	46
8.81	46
8.815	46
8.82	46
8.825	46
8.83	46
8.835	46
8.84	46
8.845	46
8.85	46
8.855	46
8.86	46
8.865	46
8.87	46
8.875	46
8.88	47
8.885	47
8.89	47
8.895	47
8.9	47
8.905	47
8.91	47
8.915	47
8.92	47
8.925	47
8.93	47
8.935	47
8.94	47
8.945	47
8.95	47
8.955	47
8.96	47
8.965	47
8.97	47
8.975	47
8.98	47
8.985	47
8.99	47
8.995	47
9	47
9.005	47
9.01	47
9.015	47
9.02	47
9.025	47
9.03	47
9.035	47
9.04	47
9.045	48
9.05	48
9.055	48
9.06	48
9.065	48
9.07	48
9.075	48
9.08	48
9.085	48
9.09	48
9.095	48
9.1	48
9.105	48
9.11	48
9.115	48
9.12	48
9.125	48
9.13	48
9.135	48
9.14	48
9.145	48
9.15	48
9.155	48
9.16	48
9.165	48
9.17	48
9.175	48
9.18	48
9.185	48
9.19	48
9.195	48
9.2	48
9.205	49
9.21	49
9.215	49
9.22	49
9.225	49
9.23	49
9.235	49
9.24	49
9.245	49
9.25	49
9.255	49
9.26	49
9.265	49
9.27	49
9.275	49
9.28	49
9.285	49
9.29	49
9.295	49
9.3	49
9.305	49
9.31	49
9.315	49
9.32	49
9.325	49
9.33	50
9.335	50
9.34	50
9.345	51
9.35	51
9.355	51
9.36	51
9.365	51
9.37	51
9.375	51
9.38	51
9.385	51
9.39	51
9.395	51
9.4	51
9.405	51
9.41	51
9.415	51
9.42	51
9.425	51
9.43	51
9.435	51
9.44	51
9.445	51
9.45	51
9.455	51
9.46	51
9.465	51
9.47	51
9.475	51
9.48	51
9.485	51
9.49	51
9.495	51
9.5	51
9.505	52
9.51	52
9.515	52
9.52	52
9.525	52
9.53	52
9.535	52
9.54	52
9.545	52
9.55	52
9.555	52
9.56	52
9.565	52
9.57	52
9.575	52
9.58	52
9.585	52
9.59	52
9.595	52
9.6	52
9.605	52
9.61	52
9.615	52
9.62	52
9.625	52
9.63	52
9.635	52
9.64	52
9.645	52
9.65	52
9.655	52
9.66	52
9.665	52
9.67	52
9.675	52
9.68	53
9.685	53
9.69	53
9.695	53
9.7	53
9.705	53
9.71	53
9.715	53
9.72	53
9.725	53
9.73	53
9.735	53
9.74	53
9.745	53
9.75	53
9.755	53
9.76	53
9.765	53
9.77	53
9.775	53
9.78	53
9.785	53
9.79	53
9.795	53
9.8	53
9.805	53
9.81	53
9.815	53
9.82	53
9.825	53
9.83	54
9.835	54
9.84	54
9.845	54
9.85	54
9.855	54
9.86	54
9.865	54
9.87	54
9.875	54
9.88	54
9.885	54
9.89	54
9.895	54
9.9	54
9.905	54
9.91	54
9.915	54
9.92	54
9.925	54
9.93	54
9.935	54
9.94	54
9.945	54
9.95	54
9.955	54
9.96	54
9.965	54
9.97	54
9.975	54
9.98	54
9.985	54
9.99	54
9.995	54
10	55
