0.005	7.66222e-21
0.01	-1.60185e-12
0.015	5.60228e-09
0.02	-5.78594e-08
0.025	4.89591e-08
0.03	-2.62479e-08
0.035	3.88187e-08
0.04	-4.40034e-08
0.045	3.8112e-08
0.05	-1.39574e-07
0.055	7.63356e-09
0.06	-4.50518e-08
0.065	-1.22492e-09
0.07	-8.0953e-09
0.075	1.58334e-09
0.08	-3.9005e-09
0.085	9.64235e-09
0.09	1.82957e-09
0.095	2.85733e-09
0.1	-2.01864e-09
0.105	3.51261e-09
0.11	5.69316e-10
0.115	1.18974e-09
0.12	4.89436e-10
0.125	6.22627e-10
0.13	-3.33108e-09
0.135	3.37481e-10
0.14	-8.96332e-10
0.145	2.7273e-10
0.15	-3.15127e-10
0.155	4.90688e-10
0.16	-8.6194e-11
0.165	-3.21707e-10
0.17	-9.24406e-11
0.175	-1.33568e-10
0.18	2.39738e-10
0.185	2.05979e-12
0.19	1.19352e-10
0.195	-1.39076e-10
0.2	4.80061e-11
0.205	-3.71315e-11
0.21	4.18577e-11
0.215	1.3507e-10
0.22	2.22589e-11
0.225	9.17387e-11
0.23	-8.81672e-12
0.235	-3.1382e-12
0.24	-7.89326e-12
0.245	2.78387e-11
0.25	-2.64047e-11
0.255	4.28377e-11
0.26	2.54052e-11
0.265	4.65118e-11
0.27	4.17636e-11
0.275	6.03499e-11
0.28	2.6967e-11
0.285	5.58611e-11
0.29	3.24751e-11
0.295	3.52754e-11
0.3	2.98497e-12
0.305	9.6217e-12
0.31	3.78678e-11
0.315	3.83474e-11
0.32	3.18811e-11
0.325	1.91635e-11
0.33	4.52818e-12
0.335	-9.7229e-12
0.34	-2.23873e-11
0.345	-1.95068e-11
0.35	-2.10904e-11
0.355	-2.13768e-11
0.36	-2.16951e-11
0.365	-2.30047e-11
0.37	-2.24774e-11
0.375	-1.88702e-11
0.38	-1.25799e-11
0.385	-2.41318e-14
0.39	1.28893e-11
0.395	2.56591e-11
0.4	3.75452e-11
0.405	4.8196e-11
0.41	5.80336e-11
0.415	6.65509e-11
0.42	6.95622e-11
0.425	7.16321e-11
0.43	5.12109e-11
0.435	3.1644e-11
0.44	1.32704e-11
0.445	-4.13156e-12
0.45	-1.66387e-11
0.455	-2.81687e-11
0.46	-3.78222e-11
0.465	-4.43842e-11
0.47	-4.75693e-11
0.475	-5.0108e-11
0.48	-5.24533e-11
0.485	-5.42472e-11
0.49	-5.48846e-11
0.495	-5.47171e-11
0.5	-5.4137e-11
0.505	-5.32127e-11
0.51	-5.21921e-11
0.515	-5.0887e-11
0.52	-4.93277e-11
0.525	-4.76509e-11
0.53	-4.58146e-11
0.535	-4.37989e-11
0.54	-4.15773e-11
0.545	-3.91308e-11
0.55	-3.64425e-11
0.555	-3.37111e-11
0.56	-3.06702e-11
0.565	-2.7364e-11
0.57	-2.40031e-11
0.575	-2.03793e-11
0.58	-1.6727e-11
0.585	-1.27732e-11
0.59	-8.60764e-12
0.595	-4.44725e-12
0.6	-1.24396e-13
0.605	4.17549e-12
0.61	8.62508e-12
0.615	1.3139e-11
0.62	1.7573e-11
0.625	2.20053e-11
0.63	2.63544e-11
0.635	3.06564e-11
0.64	3.48608e-11
0.645	3.89313e-11
0.65	4.28501e-11
0.655	4.65894e-11
0.66	5.0126e-11
0.665	5.3442e-11
0.67	5.66214e-11
0.675	5.95358e-11
0.68	6.21874e-11
0.685	6.46847e-11
0.69	6.70414e-11
0.695	6.90917e-11
0.7	7.09964e-11
0.705	7.27687e-11
0.71	7.42256e-11
0.715	7.57048e-11
0.72	7.68745e-11
0.725	7.79278e-11
0.73	7.88745e-11
0.735	7.96853e-11
0.74	8.04021e-11
0.745	8.1003e-11
0.75	8.15255e-11
0.755	8.19545e-11
0.76	8.23221e-11
0.765	8.25366e-11
0.77	8.27872e-11
0.775	8.30473e-11
0.78	8.32707e-11
0.785	8.34741e-11
0.79	8.364e-11
0.795	8.38211e-11
0.8	8.40161e-11
0.805	8.42234e-11
0.81	8.44658e-11
0.815	8.47334e-11
0.82	8.50948e-11
0.825	8.54386e-11
0.83	8.58514e-11
0.835	8.63094e-11
0.84	8.69236e-11
0.845	8.74986e-11
0.85	8.81607e-11
0.855	8.88767e-11
0.86	8.97798e-11
0.865	9.06262e-11
0.87	9.15592e-11
0.875	9.25422e-11
0.88	9.37075e-11
0.885	9.48058e-11
0.89	9.60736e-11
0.895	9.73699e-11
0.9	9.86908e-11
0.905	1.00051e-10
0.91	1.01426e-10
0.915	1.02896e-10
0.92	1.04301e-10
0.925	1.05767e-10
0.93	1.07213e-10
0.935	1.08641e-10
0.94	1.10048e-10
0.945	1.11426e-10
0.95	1.12777e-10
0.955	1.14089e-10
0.96	1.15349e-10
0.965	1.16564e-10
0.97	1.17694e-10
0.975	1.18803e-10
0.98	1.19803e-10
0.985	1.20739e-10
0.99	1.21617e-10
0.995	1.22416e-10
1	1.23154e-10
1.005	1.2381e-10
1.01	1.24403e-10
1.015	1.2484e-10
1.02	1.25292e-10
1.025	1.25656e-10
1.03	1.25955e-10
1.035	1.26083e-10
1.04	1.26238e-10
1.045	1.26303e-10
1.05	1.26306e-10
1.055	1.26129e-10
1.06	1.25991e-10
1.065	1.25763e-10
1.07	1.25477e-10
1.075	1.25009e-10
1.08	1.24588e-10
1.085	1.24082e-10
1.09	1.23522e-10
1.095	1.22782e-10
1.1	1.22097e-10
1.105	1.21334e-10
1.11	1.20523e-10
1.115	1.1954e-10
1.12	1.18618e-10
1.125	1.17627e-10
1.13	1.16595e-10
1.135	1.15406e-10
1.14	1.14282e-10
1.145	1.13193e-10
1.15	1.11955e-10
1.155	1.10689e-10
1.16	1.094e-10
1.165	1.08068e-10
1.17	1.06717e-10
1.175	1.0533e-10
1.18	1.0393e-10
1.185	1.02431e-10
1.19	1.00995e-10
1.195	9.95997e-11
1.2	9.8182e-11
1.205	9.67602e-11
1.21	9.52698e-11
1.215	9.38354e-11
1.22	9.23932e-11
1.225	9.09567e-11
1.23	8.95189e-11
1.235	8.8091e-11
1.24	8.66315e-11
1.245	8.52202e-11
1.25	8.38455e-11
1.255	8.24797e-11
1.26	8.11303e-11
1.265	7.9772e-11
1.27	7.84539e-11
1.275	7.71685e-11
1.28	7.58845e-11
1.285	7.46239e-11
1.29	7.33856e-11
1.295	7.21687e-11
1.3	7.0975e-11
1.305	6.9804e-11
1.31	6.86567e-11
1.315	6.75331e-11
1.32	6.64336e-11
1.325	6.53585e-11
1.33	6.43078e-11
1.335	6.32821e-11
1.34	6.22809e-11
1.345	6.13069e-11
1.35	6.03546e-11
1.355	5.94234e-11
1.36	5.85187e-11
1.365	5.76387e-11
1.37	5.67918e-11
1.375	5.59619e-11
1.38	5.51499e-11
1.385	5.43748e-11
1.39	5.36257e-11
1.395	5.2901e-11
1.4	5.22045e-11
1.405	5.15323e-11
1.41	5.08886e-11
1.415	5.02691e-11
1.42	4.96784e-11
1.425	4.91116e-11
1.43	4.85736e-11
1.435	4.80592e-11
1.44	4.75736e-11
1.445	4.71111e-11
1.45	4.66768e-11
1.455	4.6265e-11
1.46	4.59004e-11
1.465	4.55362e-11
1.47	4.51778e-11
1.475	4.48471e-11
1.48	4.45374e-11
1.485	4.42739e-11
1.49	4.40083e-11
1.495	4.37462e-11
1.5	4.35286e-11
1.505	4.33285e-11
1.51	4.31446e-11
1.515	4.29619e-11
1.52	4.28171e-11
1.525	4.2686e-11
1.53	4.25674e-11
1.535	4.24487e-11
1.54	4.23598e-11
1.545	4.22803e-11
1.55	4.22097e-11
1.555	4.21382e-11
1.56	4.20767e-11
1.565	4.2022e-11
1.57	4.19833e-11
1.575	4.19414e-11
1.58	4.18987e-11
1.585	4.18656e-11
1.59	4.18341e-11
1.595	4.18044e-11
1.6	4.1774e-11
1.605	4.17447e-11
1.61	4.17142e-11
1.615	4.16829e-11
1.62	4.16516e-11
1.625	4.16141e-11
1.63	4.15778e-11
1.635	4.15324e-11
1.64	4.14828e-11
1.645	4.14299e-11
1.65	4.13782e-11
1.655	4.13196e-11
1.66	4.12563e-11
1.665	4.1177e-11
1.67	4.11023e-11
1.675	4.10297e-11
1.68	4.0948e-11
1.685	4.08606e-11
1.69	4.07533e-11
1.695	4.06523e-11
1.7	4.05542e-11
1.705	4.04344e-11
1.71	4.03083e-11
1.715	4.01769e-11
1.72	4.00496e-11
1.725	3.99001e-11
1.73	3.97448e-11
1.735	3.95846e-11
1.74	3.94295e-11
1.745	3.92522e-11
1.75	3.90836e-11
1.755	3.88929e-11
1.76	3.86977e-11
1.765	3.84986e-11
1.77	3.83055e-11
1.775	3.81043e-11
1.78	3.78989e-11
1.785	3.76734e-11
1.79	3.74578e-11
1.795	3.72482e-11
1.8	3.7031e-11
1.805	3.68103e-11
1.81	3.65706e-11
1.815	3.63408e-11
1.82	3.61174e-11
1.825	3.58753e-11
1.83	3.56307e-11
1.835	3.53841e-11
1.84	3.51444e-11
1.845	3.48879e-11
1.85	3.46299e-11
1.855	3.43707e-11
1.86	3.41187e-11
1.865	3.38622e-11
1.87	3.36047e-11
1.875	3.33332e-11
1.88	3.30717e-11
1.885	3.28172e-11
1.89	3.2559e-11
1.895	3.23003e-11
1.9	3.20295e-11
1.905	3.17683e-11
1.91	3.15139e-11
1.915	3.1248e-11
1.92	3.09828e-11
1.925	3.07182e-11
1.93	3.04606e-11
1.935	3.01935e-11
1.94	2.99276e-11
1.945	2.9663e-11
1.95	2.94053e-11
1.955	2.91397e-11
1.96	2.88828e-11
1.965	2.8619e-11
1.97	2.83569e-11
1.975	2.80969e-11
1.98	2.78435e-11
1.985	2.75903e-11
1.99	2.73391e-11
1.995	2.70826e-11
2	2.68342e-11
2.005	2.65918e-11
2.01	2.635e-11
2.015	2.61102e-11
2.02	2.58662e-11
2.025	2.56296e-11
2.03	2.53987e-11
2.035	2.51685e-11
2.04	2.49404e-11
2.045	2.47087e-11
2.05	2.44838e-11
2.055	2.42644e-11
2.06	2.40457e-11
2.065	2.3829e-11
2.07	2.36088e-11
2.075	2.33951e-11
2.08	2.31865e-11
2.085	2.29744e-11
2.09	2.2764e-11
2.095	2.25556e-11
2.1	2.23523e-11
2.105	2.21452e-11
2.11	2.19397e-11
2.115	2.1736e-11
2.12	2.15373e-11
2.125	2.13344e-11
2.13	2.11375e-11
2.135	2.09361e-11
2.14	2.0736e-11
2.145	2.05374e-11
2.15	2.03437e-11
2.155	2.01496e-11
2.16	1.99565e-11
2.165	1.97583e-11
2.17	1.95662e-11
2.175	1.93788e-11
2.18	1.91903e-11
2.185	1.90027e-11
2.19	1.88091e-11
2.195	1.86217e-11
2.2	1.84388e-11
2.205	1.82547e-11
2.21	1.80711e-11
2.215	1.78812e-11
2.22	1.76974e-11
2.225	1.75182e-11
2.23	1.73323e-11
2.235	1.71469e-11
2.24	1.69623e-11
2.245	1.67823e-11
2.25	1.6596e-11
2.255	1.64105e-11
2.26	1.62259e-11
2.265	1.60459e-11
2.27	1.58651e-11
2.275	1.56851e-11
2.28	1.54997e-11
2.285	1.53203e-11
2.29	1.51453e-11
2.295	1.49697e-11
2.3	1.4795e-11
2.305	1.46157e-11
2.31	1.44421e-11
2.315	1.42727e-11
2.32	1.40989e-11
2.325	1.39266e-11
2.33	1.37556e-11
2.335	1.3589e-11
2.34	1.3419e-11
2.345	1.32507e-11
2.35	1.30842e-11
2.355	1.29218e-11
2.36	1.27601e-11
2.365	1.26002e-11
2.37	1.24387e-11
2.375	1.22818e-11
2.38	1.21287e-11
2.385	1.19767e-11
2.39	1.18268e-11
2.395	1.16762e-11
2.4	1.15298e-11
2.405	1.13868e-11
2.41	1.12436e-11
2.415	1.11029e-11
2.42	1.09644e-11
2.425	1.08291e-11
2.43	1.06945e-11
2.435	1.05624e-11
2.44	1.04326e-11
2.445	1.03059e-11
2.45	1.01812e-11
2.455	1.00589e-11
2.46	9.9383e-12
2.465	9.82059e-12
2.47	9.70555e-12
2.475	9.59271e-12
2.48	9.48228e-12
2.485	9.37404e-12
2.49	9.26824e-12
2.495	9.16478e-12
2.5	9.06357e-12
2.505	8.96473e-12
2.51	8.86839e-12
2.515	8.77409e-12
2.52	8.68185e-12
2.525	8.592e-12
2.53	8.50456e-12
2.535	8.41923e-12
2.54	8.3357e-12
2.545	8.25456e-12
2.55	8.17565e-12
2.555	8.09869e-12
2.56	8.02333e-12
2.565	7.95022e-12
2.57	7.87867e-12
2.575	7.80947e-12
2.58	7.74187e-12
2.585	7.67598e-12
2.59	7.61149e-12
2.595	7.54871e-12
2.6	7.48743e-12
2.605	7.42778e-12
2.61	7.36941e-12
2.615	7.31228e-12
2.62	7.25655e-12
2.625	7.20207e-12
2.63	7.14877e-12
2.635	7.09667e-12
2.64	7.04567e-12
2.645	6.99577e-12
2.65	6.94686e-12
2.655	6.89863e-12
2.66	6.85156e-12
2.665	6.80551e-12
2.67	6.76008e-12
2.675	6.71523e-12
2.68	6.67119e-12
2.685	6.62813e-12
2.69	6.58529e-12
2.695	6.54288e-12
2.7	6.5011e-12
2.705	6.46028e-12
2.71	6.41981e-12
2.715	6.37976e-12
2.72	6.33916e-12
2.725	6.29976e-12
2.73	6.26125e-12
2.735	6.22285e-12
2.74	6.18468e-12
2.745	6.14554e-12
2.75	6.10763e-12
2.755	6.07062e-12
2.76	6.03351e-12
2.765	5.99647e-12
2.77	5.95808e-12
2.775	5.92098e-12
2.78	5.88477e-12
2.785	5.84723e-12
2.79	5.8095e-12
2.795	5.77186e-12
2.8	5.7352e-12
2.805	5.69701e-12
2.81	5.65859e-12
2.815	5.62023e-12
2.82	5.58288e-12
2.825	5.54384e-12
2.83	5.50603e-12
2.835	5.46627e-12
2.84	5.42661e-12
2.845	5.38689e-12
2.85	5.34819e-12
2.855	5.30888e-12
2.86	5.26954e-12
2.865	5.22838e-12
2.87	5.18858e-12
2.875	5.14978e-12
2.88	5.1103e-12
2.885	5.07075e-12
2.89	5.02931e-12
2.895	4.98924e-12
2.9	4.95018e-12
2.905	4.91044e-12
2.91	4.87062e-12
2.915	4.82893e-12
2.92	4.78862e-12
2.925	4.74933e-12
2.93	4.70789e-12
2.935	4.66657e-12
2.94	4.62519e-12
2.945	4.58487e-12
2.95	4.54255e-12
2.955	4.50041e-12
2.96	4.45828e-12
2.965	4.41724e-12
2.97	4.37571e-12
2.975	4.33428e-12
2.98	4.29131e-12
2.985	4.24972e-12
2.99	4.20918e-12
2.995	4.1682e-12
3	4.12735e-12
3.005	4.08511e-12
3.01	4.04419e-12
3.015	4.00428e-12
3.02	3.96281e-12
3.025	3.92167e-12
3.03	3.88068e-12
3.035	3.84071e-12
3.04	3.79937e-12
3.045	3.75843e-12
3.05	3.7177e-12
3.055	3.67798e-12
3.06	3.63811e-12
3.065	3.59852e-12
3.07	3.55808e-12
3.075	3.51883e-12
3.08	3.48054e-12
3.085	3.44215e-12
3.09	3.40407e-12
3.095	3.36531e-12
3.1	3.32764e-12
3.105	3.29089e-12
3.11	3.25409e-12
3.115	3.21764e-12
3.12	3.18068e-12
3.125	3.14474e-12
3.13	3.10965e-12
3.135	3.07384e-12
3.14	3.03859e-12
3.145	3.00366e-12
3.15	2.96956e-12
3.155	2.93487e-12
3.16	2.90076e-12
3.165	2.86699e-12
3.17	2.83402e-12
3.175	2.80058e-12
3.18	2.7682e-12
3.185	2.73561e-12
3.19	2.70324e-12
3.195	2.67131e-12
3.2	2.64017e-12
3.205	2.60935e-12
3.21	2.57884e-12
3.215	2.54796e-12
3.22	2.51806e-12
3.225	2.48887e-12
3.23	2.45999e-12
3.235	2.43141e-12
3.24	2.40251e-12
3.245	2.37452e-12
3.25	2.34719e-12
3.255	2.32017e-12
3.26	2.29344e-12
3.265	2.26641e-12
3.27	2.24024e-12
3.275	2.21469e-12
3.28	2.18912e-12
3.285	2.16369e-12
3.29	2.13866e-12
3.295	2.11425e-12
3.3	2.08985e-12
3.305	2.06559e-12
3.31	2.04172e-12
3.315	2.01843e-12
3.32	1.99545e-12
3.325	1.97272e-12
3.33	1.94977e-12
3.335	1.92754e-12
3.34	1.90584e-12
3.345	1.88442e-12
3.35	1.86323e-12
3.355	1.84181e-12
3.36	1.82108e-12
3.365	1.80084e-12
3.37	1.78087e-12
3.375	1.76109e-12
3.38	1.74107e-12
3.385	1.7217e-12
3.39	1.70279e-12
3.395	1.6839e-12
3.4	1.66505e-12
3.405	1.64649e-12
3.41	1.62841e-12
3.415	1.61034e-12
3.42	1.59232e-12
3.425	1.57457e-12
3.43	1.55728e-12
3.435	1.54e-12
3.44	1.52309e-12
3.445	1.50596e-12
3.45	1.48926e-12
3.455	1.47274e-12
3.46	1.45659e-12
3.465	1.44049e-12
3.47	1.42467e-12
3.475	1.40892e-12
3.48	1.3935e-12
3.485	1.37842e-12
3.49	1.36339e-12
3.495	1.34861e-12
3.5	1.3339e-12
3.505	1.31949e-12
3.51	1.30541e-12
3.515	1.29135e-12
3.52	1.27754e-12
3.525	1.26384e-12
3.53	1.25039e-12
3.535	1.23724e-12
3.54	1.22391e-12
3.545	1.21098e-12
3.55	1.19818e-12
3.555	1.18565e-12
3.56	1.17297e-12
3.565	1.16066e-12
3.57	1.1485e-12
3.575	1.13658e-12
3.58	1.1247e-12
3.585	1.11306e-12
3.59	1.10155e-12
3.595	1.09025e-12
3.6	1.07919e-12
3.605	1.06816e-12
3.61	1.05735e-12
3.615	1.04669e-12
3.62	1.0362e-12
3.625	1.02593e-12
3.63	1.01554e-12
3.635	1.00551e-12
3.64	9.95584e-13
3.645	9.85856e-13
3.65	9.76008e-13
3.655	9.66509e-13
3.66	9.57109e-13
3.665	9.47896e-13
3.67	9.38696e-13
3.675	9.29693e-13
3.68	9.20842e-13
3.685	9.1212e-13
3.69	9.03584e-13
3.695	8.95044e-13
3.7	8.86687e-13
3.705	8.78473e-13
3.71	8.70365e-13
3.715	8.6243e-13
3.72	8.54473e-13
3.725	8.46693e-13
3.73	8.39065e-13
3.735	8.31524e-13
3.74	8.24142e-13
3.745	8.16603e-13
3.75	8.0939e-13
3.755	8.02225e-13
3.76	7.95191e-13
3.765	7.88001e-13
3.77	7.81117e-13
3.775	7.74278e-13
3.78	7.67566e-13
3.785	7.60695e-13
3.79	7.5412e-13
3.795	7.4763e-13
3.8	7.41005e-13
3.805	7.34501e-13
3.81	7.28179e-13
3.815	7.21978e-13
3.82	7.15775e-13
3.825	7.09336e-13
3.83	7.03189e-13
3.835	6.97199e-13
3.84	6.91317e-13
3.845	6.85423e-13
3.85	6.79268e-13
3.855	6.73404e-13
3.86	6.67692e-13
3.865	6.62078e-13
3.87	6.56437e-13
3.875	6.50501e-13
3.88	6.44863e-13
3.885	6.39373e-13
3.89	6.3388e-13
3.895	6.28193e-13
3.9	6.22597e-13
3.905	6.17175e-13
3.91	6.11734e-13
3.915	6.06115e-13
3.92	6.00581e-13
3.925	5.95217e-13
3.93	5.89938e-13
3.935	5.84621e-13
3.94	5.79004e-13
3.945	5.73673e-13
3.95	5.68484e-13
3.955	5.63379e-13
3.96	5.58233e-13
3.965	5.52781e-13
3.97	5.47618e-13
3.975	5.42595e-13
3.98	5.37552e-13
3.985	5.32304e-13
3.99	5.27136e-13
3.995	5.22134e-13
4	5.17103e-13
4.005	5.11881e-13
4.01	5.06735e-13
4.015	5.01752e-13
4.02	4.96843e-13
4.025	4.91887e-13
4.03	4.86618e-13
4.035	4.8163e-13
4.04	4.76777e-13
4.045	4.72003e-13
4.05	4.67182e-13
4.055	4.62051e-13
4.06	4.57203e-13
4.065	4.52489e-13
4.07	4.47765e-13
4.075	4.42837e-13
4.08	4.37993e-13
4.085	4.33306e-13
4.09	4.28618e-13
4.095	4.23744e-13
4.1	4.18952e-13
4.105	4.14314e-13
4.11	4.09768e-13
4.115	4.05182e-13
4.12	4.00326e-13
4.125	3.95733e-13
4.13	3.91266e-13
4.135	3.86899e-13
4.14	3.82497e-13
4.145	3.77835e-13
4.15	3.73436e-13
4.155	3.69159e-13
4.16	3.64928e-13
4.165	3.60505e-13
4.17	3.56176e-13
4.175	3.51992e-13
4.18	3.47863e-13
4.185	3.43559e-13
4.19	3.39348e-13
4.195	3.35274e-13
4.2	3.31315e-13
4.205	3.27327e-13
4.21	3.23124e-13
4.215	3.19157e-13
4.22	3.15298e-13
4.225	3.11562e-13
4.23	3.07799e-13
4.235	3.0383e-13
4.24	3.00096e-13
4.245	2.96465e-13
4.25	2.92933e-13
4.255	2.89212e-13
4.26	2.85591e-13
4.265	2.82094e-13
4.27	2.78694e-13
4.275	2.75119e-13
4.28	2.71637e-13
4.285	2.68273e-13
4.29	2.65029e-13
4.295	2.61755e-13
4.3	2.58291e-13
4.305	2.55039e-13
4.31	2.51877e-13
4.315	2.4884e-13
4.32	2.45774e-13
4.325	2.42521e-13
4.33	2.3948e-13
4.335	2.36526e-13
4.34	2.33705e-13
4.345	2.3085e-13
4.35	2.27803e-13
4.355	2.24967e-13
4.36	2.22213e-13
4.365	2.196e-13
4.37	2.16786e-13
4.375	2.14072e-13
4.38	2.11462e-13
4.385	2.08992e-13
4.39	2.06334e-13
4.395	2.03769e-13
4.4	2.01299e-13
4.405	1.98962e-13
4.41	1.96566e-13
4.415	1.94028e-13
4.42	1.91759e-13
4.425	1.89479e-13
4.43	1.87221e-13
4.435	1.84894e-13
4.44	1.82676e-13
4.445	1.80627e-13
4.45	1.78513e-13
4.455	1.76433e-13
4.46	1.74272e-13
4.465	1.72212e-13
4.47	1.7032e-13
4.475	1.68356e-13
4.48	1.66423e-13
4.485	1.64404e-13
4.49	1.62487e-13
4.495	1.60756e-13
4.5	1.58939e-13
4.505	1.57149e-13
4.51	1.55214e-13
4.515	1.53556e-13
4.52	1.51868e-13
4.525	1.50179e-13
4.53	1.4836e-13
4.535	1.46799e-13
4.54	1.45211e-13
4.545	1.43623e-13
4.55	1.41912e-13
4.555	1.40365e-13
4.56	1.3897e-13
4.565	1.37368e-13
4.57	1.35836e-13
4.575	1.34372e-13
4.58	1.3302e-13
4.585	1.31614e-13
4.59	1.30042e-13
4.595	1.2863e-13
4.6	1.27265e-13
4.605	1.26018e-13
4.61	1.24721e-13
4.615	1.23255e-13
4.62	1.21949e-13
4.625	1.20688e-13
4.63	1.19547e-13
4.635	1.18348e-13
4.64	1.16963e-13
4.645	1.15744e-13
4.65	1.14569e-13
4.655	1.13534e-13
4.66	1.12265e-13
4.665	1.11069e-13
4.67	1.0994e-13
4.675	1.08937e-13
4.68	1.07716e-13
4.685	1.06562e-13
4.69	1.05472e-13
4.695	1.04495e-13
4.7	1.03457e-13
4.705	1.02239e-13
4.71	1.01176e-13
4.715	1.00152e-13
4.72	9.92464e-14
4.725	9.82816e-14
4.73	9.71364e-14
4.735	9.61514e-14
4.74	9.52051e-14
4.745	9.4398e-14
4.75	9.33528e-14
4.755	9.23783e-14
4.76	9.14657e-14
4.765	9.06808e-14
4.77	8.9671e-14
4.775	8.87254e-14
4.78	8.78386e-14
4.785	8.70591e-14
4.79	8.6212e-14
4.795	8.51755e-14
4.8	8.42921e-14
4.805	8.34439e-14
4.81	8.2707e-14
4.815	8.19034e-14
4.82	8.09056e-14
4.825	8.00677e-14
4.83	7.92657e-14
4.835	7.85924e-14
4.84	7.76737e-14
4.845	7.68216e-14
4.85	7.60299e-14
4.855	7.5359e-14
4.86	7.44579e-14
4.865	7.36184e-14
4.87	7.28363e-14
4.875	7.21606e-14
4.88	7.14153e-14
4.885	7.04814e-14
4.89	6.96997e-14
4.895	6.89513e-14
4.9	6.83193e-14
4.905	6.76225e-14
4.91	6.67431e-14
4.915	6.60202e-14
4.92	6.53306e-14
4.925	6.47897e-14
4.93	6.40078e-14
4.935	6.32977e-14
4.94	6.26442e-14
4.945	6.2134e-14
4.95	6.13966e-14
4.955	6.07247e-14
4.96	6.01052e-14
4.965	5.95989e-14
4.97	5.90245e-14
4.975	5.82725e-14
4.98	5.76654e-14
4.985	5.70867e-14
4.99	5.66477e-14
4.995	5.59786e-14
5	5.53786e-14
5.005	5.48316e-14
5.01	5.44151e-14
5.015	5.38829e-14
5.02	5.31828e-14
5.025	5.27301e-14
5.03	5.22276e-14
5.035	5.17036e-14
5.04	5.10746e-14
5.045	5.05252e-14
5.05	5.01301e-14
5.055	4.96242e-14
5.06	4.91158e-14
5.065	4.84886e-14
5.07	4.79341e-14
5.075	4.75288e-14
5.08	4.70106e-14
5.085	4.64902e-14
5.09	4.58016e-14
5.095	4.53642e-14
5.1	4.48657e-14
5.105	4.43415e-14
5.11	4.36613e-14
5.115	4.32214e-14
5.12	4.273e-14
5.125	4.22163e-14
5.13	4.16012e-14
5.135	4.10667e-14
5.14	4.06977e-14
5.145	4.02171e-14
5.15	3.9734e-14
5.155	3.91429e-14
5.16	3.86306e-14
5.165	3.82887e-14
5.17	3.78275e-14
5.175	3.73618e-14
5.18	3.67836e-14
5.185	3.62893e-14
5.19	3.59828e-14
5.195	3.55492e-14
5.2	3.51098e-14
5.205	3.45084e-14
5.21	3.41738e-14
5.215	3.37781e-14
5.22	3.33516e-14
5.225	3.27738e-14
5.23	3.24465e-14
5.235	3.20653e-14
5.24	3.16571e-14
5.245	3.11084e-14
5.25	3.07034e-14
5.255	3.04481e-14
5.26	2.99543e-14
5.265	2.95165e-14
5.27	2.91229e-14
5.275	2.8834e-14
5.28	2.84718e-14
5.285	2.79356e-14
5.29	2.75401e-14
5.295	2.71691e-14
5.3	2.69151e-14
5.305	2.65923e-14
5.31	2.60966e-14
5.315	2.57422e-14
5.32	2.54108e-14
5.325	2.51981e-14
5.33	2.49111e-14
5.335	2.44317e-14
5.34	2.41033e-14
5.345	2.3799e-14
5.35	2.36475e-14
5.355	2.32371e-14
5.36	2.2892e-14
5.365	2.25967e-14
5.37	2.24413e-14
5.375	2.2047e-14
5.38	2.17139e-14
5.385	2.14271e-14
5.39	2.12755e-14
5.395	2.10015e-14
5.4	2.05728e-14
5.405	2.03942e-14
5.41	2.01664e-14
5.415	1.99118e-14
5.42	1.95599e-14
5.425	1.92889e-14
5.43	1.91881e-14
5.435	1.89648e-14
5.44	1.87314e-14
5.445	1.83841e-14
5.45	1.81109e-14
5.455	1.8e-14
5.46	1.77668e-14
5.465	1.75245e-14
5.47	1.71644e-14
5.475	1.68831e-14
5.48	1.67832e-14
5.485	1.65519e-14
5.49	1.63103e-14
5.495	1.59099e-14
5.5	1.57788e-14
5.505	1.55872e-14
5.51	1.53617e-14
5.515	1.50005e-14
5.52	1.48908e-14
5.525	1.47269e-14
5.53	1.45308e-14
5.535	1.42312e-14
5.54	1.40148e-14
5.545	1.39844e-14
5.55	1.3826e-14
5.555	1.36561e-14
5.56	1.3374e-14
5.565	1.31712e-14
5.57	1.31521e-14
5.575	1.29987e-14
5.58	1.28323e-14
5.585	1.25118e-14
5.59	1.24568e-14
5.595	1.23384e-14
5.6	1.21841e-14
5.605	1.18847e-14
5.61	1.18344e-14
5.615	1.1726e-14
5.62	1.1584e-14
5.625	1.13105e-14
5.63	1.11719e-14
5.635	1.11894e-14
5.64	1.09682e-14
5.645	1.08012e-14
5.65	1.0672e-14
5.655	1.06463e-14
5.66	1.05455e-14
5.665	1.02787e-14
5.67	1.0144e-14
5.675	1.0027e-14
5.68	1.00282e-14
5.685	9.96056e-15
5.69	9.73141e-15
5.695	9.6345e-15
5.7	9.55395e-15
5.705	9.59386e-15
5.71	9.55985e-15
5.715	9.34496e-15
5.72	9.27087e-15
5.725	9.21383e-15
5.73	9.31453e-15
5.735	9.15442e-15
5.74	9.0552e-15
5.745	8.99883e-15
5.75	9.07603e-15
5.755	8.90974e-15
5.76	8.79773e-15
5.765	8.72612e-15
5.77	8.75904e-15
5.775	8.71135e-15
5.78	8.47472e-15
5.785	8.37425e-15
5.79	8.29077e-15
5.795	8.31765e-15
5.8	8.26664e-15
5.805	8.02354e-15
5.81	7.92375e-15
5.815	7.84235e-15
5.82	7.90156e-15
5.825	7.69942e-15
5.83	7.55659e-15
5.835	7.45822e-15
5.84	7.49047e-15
5.845	7.2786e-15
5.85	7.12218e-15
5.855	7.00775e-15
5.86	6.99867e-15
5.865	6.91037e-15
5.87	6.6369e-15
5.875	6.50109e-15
5.88	6.3834e-15
5.885	6.38257e-15
5.89	6.30815e-15
5.895	6.05424e-15
5.9	5.9427e-15
5.905	5.84983e-15
5.91	5.91574e-15
5.915	5.72748e-15
5.92	5.60567e-15
5.925	5.52679e-15
5.93	5.59907e-15
5.935	5.43207e-15
5.94	5.32554e-15
5.945	5.25838e-15
5.95	5.30256e-15
5.955	5.27011e-15
5.96	5.06142e-15
5.965	4.9858e-15
5.97	4.92599e-15
5.975	4.9817e-15
5.98	4.96141e-15
5.985	4.75663e-15
5.99	4.69273e-15
5.995	4.64596e-15
6	4.74635e-15
6.005	4.58666e-15
6.01	4.48944e-15
6.015	4.4347e-15
6.02	4.51857e-15
6.025	4.35968e-15
6.03	4.25911e-15
6.035	4.19833e-15
6.04	4.24659e-15
6.045	4.2177e-15
6.05	4.01302e-15
6.055	3.94236e-15
6.06	3.88791e-15
6.065	3.95368e-15
6.07	3.94699e-15
6.075	3.76788e-15
6.08	3.72713e-15
6.085	3.70282e-15
6.09	3.84006e-15
6.095	3.72156e-15
6.1	3.6687e-15
6.105	3.65611e-15
6.11	3.79072e-15
6.115	3.68208e-15
6.12	3.63102e-15
6.125	3.61748e-15
6.13	3.70867e-15
6.135	3.71873e-15
6.14	3.54233e-15
6.145	3.49965e-15
6.15	3.47221e-15
6.155	3.55333e-15
6.16	3.55446e-15
6.165	3.36207e-15
6.17	3.31196e-15
6.175	3.27908e-15
6.18	3.38611e-15
6.185	3.23316e-15
6.19	3.14201e-15
6.195	3.09329e-15
6.2	3.18133e-15
6.205	3.02794e-15
6.21	2.93278e-15
6.215	2.877e-15
6.22	2.92949e-15
6.225	2.90426e-15
6.23	2.70271e-15
6.235	2.63403e-15
6.24	2.5814e-15
6.245	2.64511e-15
6.25	2.63386e-15
6.255	2.44407e-15
6.26	2.39296e-15
6.265	2.35854e-15
6.27	2.4751e-15
6.275	2.33495e-15
6.28	2.25882e-15
6.285	2.2236e-15
6.29	2.32952e-15
6.295	2.19488e-15
6.3	2.11884e-15
6.305	2.08091e-15
6.31	2.14994e-15
6.315	2.14118e-15
6.32	1.95612e-15
6.325	1.90303e-15
6.33	1.86542e-15
6.335	1.97224e-15
6.34	1.84171e-15
6.345	1.77601e-15
6.35	1.74945e-15
6.355	1.85937e-15
6.36	1.8382e-15
6.365	1.66008e-15
6.37	1.72616e-15
6.375	1.73732e-15
6.38	1.71534e-15
6.385	1.59221e-15
6.39	1.54834e-15
6.395	1.67171e-15
6.4	1.66827e-15
6.405	1.6507e-15
6.41	1.51926e-15
6.415	1.46212e-15
6.42	1.57347e-15
6.425	1.55534e-15
6.43	1.52344e-15
6.435	1.3513e-15
6.44	1.42722e-15
6.445	1.44075e-15
6.45	1.41642e-15
6.455	1.2576e-15
6.46	1.33233e-15
6.465	1.351e-15
6.47	1.335e-15
6.475	1.21816e-15
6.48	1.17696e-15
6.485	1.30158e-15
6.49	1.30142e-15
6.495	1.2874e-15
6.5	1.16314e-15
6.505	1.11256e-15
6.51	1.23126e-15
6.515	1.22051e-15
6.52	1.19553e-15
6.525	1.05846e-15
6.53	1.00092e-15
6.535	1.13295e-15
6.54	1.12715e-15
6.545	1.10625e-15
6.55	9.35889e-16
6.555	1.02273e-15
6.56	1.04612e-15
6.565	1.02993e-15
6.57	8.74892e-16
6.575	9.58216e-16
6.58	9.8372e-16
6.585	9.73606e-16
6.59	8.32826e-16
6.595	8.18953e-16
6.6	9.51784e-16
6.605	8.48844e-16
6.61	7.98129e-16
6.615	7.79982e-16
6.62	8.58694e-16
6.625	8.62968e-16
6.63	7.07998e-16
6.635	6.77754e-16
6.64	6.62338e-16
6.645	7.59314e-16
6.65	7.85451e-16
6.655	6.51905e-16
6.66	6.42826e-16
6.665	6.46916e-16
6.67	7.61177e-16
6.675	7.9916e-16
6.68	6.55021e-16
6.685	6.46267e-16
6.69	6.527e-16
6.695	8.0294e-16
6.7	6.98994e-16
6.705	6.55337e-16
6.71	6.50456e-16
6.715	7.77669e-16
6.72	6.75589e-16
6.725	6.31871e-16
6.73	6.24012e-16
6.735	7.25405e-16
6.74	7.5478e-16
6.745	6.25185e-16
6.75	6.1905e-16
6.755	6.26308e-16
6.76	7.4754e-16
6.765	7.96643e-16
6.77	6.77701e-16
6.775	6.87529e-16
6.78	7.11072e-16
6.785	8.73194e-16
6.79	7.83468e-16
6.795	7.51309e-16
6.8	7.56507e-16
6.805	8.82899e-16
6.81	7.75107e-16
6.815	7.20528e-16
6.82	7.02037e-16
6.825	7.80638e-16
6.83	7.82345e-16
6.835	6.11374e-16
6.84	5.67676e-16
6.845	5.39014e-16
6.85	6.19676e-16
6.855	6.28162e-16
6.86	4.68551e-16
6.865	4.39425e-16
6.87	4.25401e-16
6.875	5.5475e-16
6.88	4.4117e-16
6.885	3.88748e-16
6.89	3.73582e-16
6.895	4.91478e-16
6.9	3.82457e-16
6.905	3.29733e-16
6.91	3.11742e-16
6.915	3.9401e-16
6.92	4.0265e-16
6.925	2.47442e-16
6.93	2.15534e-16
6.935	1.97549e-16
6.94	2.86839e-16
6.945	3.04064e-16
6.95	1.53316e-16
6.955	1.30967e-16
6.96	1.23118e-16
6.965	2.50501e-16
6.97	1.36468e-16
6.975	8.12009e-17
6.98	6.27851e-17
6.985	1.69828e-16
6.99	5.28723e-17
6.995	-9.01491e-18
7	-3.62486e-17
7.005	3.52613e-17
7.01	3.50565e-17
7.015	-1.2291e-16
7.02	-1.59266e-16
7.025	-1.81496e-16
7.03	-9.33198e-17
7.035	-7.22662e-17
7.04	-2.04287e-16
7.045	-2.12214e-16
7.05	-2.06409e-16
7.055	-5.27061e-17
7.06	-1.31154e-16
7.065	-1.47786e-16
7.07	-1.3011e-16
7.075	2.28236e-17
7.08	-4.29036e-17
7.085	-5.3544e-17
7.09	-3.25011e-17
7.095	8.46884e-17
7.1	1.29438e-16
7.105	1.4871e-17
7.11	1.81666e-17
7.115	3.37856e-17
7.12	1.49527e-16
7.125	1.93304e-16
7.13	7.06599e-17
7.135	7.21479e-17
7.14	8.71038e-17
7.145	2.28556e-16
7.15	1.37202e-16
7.155	1.02343e-16
7.16	1.02585e-16
7.165	2.23777e-16
7.17	1.3003e-16
7.175	8.95093e-17
7.18	8.16735e-17
7.185	1.68716e-16
7.19	1.85945e-16
7.195	5.06298e-17
7.2	3.13361e-17
7.205	2.49593e-17
7.21	1.21149e-16
7.215	1.4954e-16
7.22	2.28333e-17
7.225	1.62703e-17
7.23	2.27826e-17
7.235	1.59334e-16
7.24	6.95696e-17
7.245	3.64516e-17
7.25	3.70798e-17
7.255	1.58313e-16
7.26	6.9488e-17
7.265	3.31365e-17
7.27	2.82417e-17
7.275	1.15653e-16
7.28	1.34459e-16
7.285	3.93819e-18
7.29	-1.31542e-17
7.295	-1.76994e-17
7.3	7.74639e-17
7.305	1.06077e-16
7.31	-1.68892e-17
7.315	-2.24963e-17
7.32	-1.54002e-17
7.325	1.18672e-16
7.33	3.21337e-17
7.335	1.18735e-18
7.34	2.95004e-18
7.345	1.22907e-16
7.35	3.82412e-17
7.355	5.12593e-18
7.36	2.53568e-18
7.365	9.00683e-17
7.37	1.10653e-16
7.375	-1.37808e-17
7.38	-2.77574e-17
7.385	-2.9737e-17
7.39	6.5218e-17
7.395	9.48633e-17
7.4	-2.37985e-17
7.405	-2.81294e-17
7.41	-2.01481e-17
7.415	1.09882e-16
7.42	2.43813e-17
7.425	-7.22937e-18
7.43	-7.0164e-18
7.435	1.06545e-16
7.44	2.06221e-17
7.445	-1.51909e-17
7.45	-2.11694e-17
7.455	5.99876e-17
7.46	7.58503e-17
7.465	-4.95624e-17
7.47	-6.71944e-17
7.475	-7.30198e-17
7.48	1.55258e-17
7.485	4.04467e-17
7.49	-7.83141e-17
7.495	-8.58613e-17
7.5	-8.14848e-17
7.505	1.87288e-17
7.51	4.98051e-17
7.515	-8.21807e-17
7.52	-9.53302e-17
7.525	-9.57126e-17
7.53	2.99844e-17
7.535	-6.33585e-17
7.54	-1.01576e-16
7.545	-1.06713e-16
7.55	4.62637e-18
7.555	-8.48772e-17
7.56	-1.23597e-16
7.565	-1.32703e-16
7.57	-3.15462e-17
7.575	-3.6212e-17
7.58	-1.60228e-16
7.585	-8.52939e-17
7.59	-5.51731e-17
7.595	-5.13339e-17
7.6	-1.25571e-16
7.605	-1.3633e-16
7.61	-1.63171e-17
7.615	-3.90985e-19
7.62	3.66841e-18
7.625	-8.63458e-17
7.63	-1.15204e-16
7.635	-1.25362e-17
7.64	-1.24879e-17
7.645	-2.25619e-17
7.65	-1.22725e-16
7.655	-1.57958e-16
7.66	-4.27044e-17
7.665	-3.98415e-17
7.67	-4.89078e-17
7.675	-1.73737e-16
7.68	-8.68814e-17
7.685	-5.04346e-17
7.69	-4.47123e-17
7.695	-1.44165e-16
7.7	-5.64773e-17
7.705	-1.8369e-17
7.71	-8.64951e-18
7.715	-1.04467e-16
7.72	-1.00102e-16
7.725	1.35378e-17
7.73	-6.01488e-17
7.735	-9.15003e-17
7.74	-9.80366e-17
7.745	-3.28102e-17
7.75	-2.77644e-17
7.755	-1.44253e-16
7.76	-1.62702e-16
7.765	-1.69994e-16
7.77	-8.71981e-17
7.775	-6.07966e-17
7.78	-1.53003e-16
7.785	-1.50061e-16
7.79	-1.37962e-16
7.795	-4.09368e-17
7.8	-5.10802e-18
7.805	-1.08784e-16
7.81	-1.0816e-16
7.815	-9.68322e-17
7.82	2.0739e-17
7.825	-6.02516e-17
7.83	-9.41483e-17
7.835	-9.94247e-17
7.84	-9.18391e-18
7.845	-9.27825e-17
7.85	-1.29418e-16
7.855	-1.39611e-16
7.86	-6.62183e-17
7.865	-4.77504e-17
7.87	-1.43621e-16
7.875	-1.46229e-16
7.88	-1.39028e-16
7.885	-4.44555e-17
7.89	-5.5636e-18
7.895	-8.87447e-17
7.9	-7.62765e-17
7.905	-5.46908e-17
7.91	7.12964e-17
7.915	1.09506e-17
7.92	-2.29375e-18
7.925	1.07033e-17
7.93	1.19526e-16
7.935	6.02782e-17
7.94	4.6738e-17
7.945	5.76761e-17
7.95	1.46893e-16
7.955	1.82772e-16
7.96	1.09687e-16
7.965	1.25894e-16
7.97	1.50863e-16
7.975	2.60925e-16
7.98	3.17642e-16
7.985	2.58887e-16
7.99	2.90931e-16
7.995	3.30996e-16
8	4.67663e-16
8.005	4.22593e-16
8.01	4.19647e-16
8.015	4.41135e-16
8.02	5.42544e-16
8.025	4.76299e-16
8.03	4.48942e-16
8.035	4.45557e-16
8.04	5.06572e-16
8.045	5.10044e-16
8.05	3.90252e-16
8.055	3.6123e-16
8.06	3.42401e-16
8.065	3.96392e-16
8.07	3.94715e-16
8.075	2.69351e-16
8.08	2.36125e-16
8.085	2.12921e-16
8.09	2.74774e-16
8.095	1.64608e-16
8.1	9.59416e-17
8.105	5.26871e-17
8.11	8.8245e-17
8.115	-3.19188e-17
8.12	-1.11353e-16
8.125	-1.66597e-16
8.13	-1.54266e-16
8.135	-1.92088e-16
8.14	-3.3338e-16
8.145	-3.89303e-16
8.15	-4.35016e-16
8.155	-4.01721e-16
8.16	-4.14553e-16
8.165	-5.24546e-16
8.17	-5.50396e-16
8.175	-5.67519e-16
8.18	-5.0335e-16
8.185	-4.88927e-16
8.19	-5.852e-16
8.195	-5.9257e-16
8.2	-5.91265e-16
8.205	-4.8202e-16
8.21	-5.37853e-16
8.215	-5.47252e-16
8.22	-5.3403e-16
8.225	-4.26386e-16
8.23	-4.69433e-16
8.235	-4.70614e-16
8.24	-4.51809e-16
8.245	-3.47847e-16
8.25	-3.24927e-16
8.255	-3.87669e-16
8.26	-3.02756e-16
8.265	-2.54225e-16
8.27	-2.25648e-16
8.275	-2.55418e-16
8.28	-2.38649e-16
8.285	-1.32729e-16
8.29	-1.04107e-16
8.295	-8.42514e-17
8.3	-1.38187e-16
8.305	-1.46815e-16
8.31	-6.50178e-17
8.315	-5.77544e-17
8.32	-5.71242e-17
8.325	-1.23882e-16
8.33	-1.42292e-16
8.335	-5.38113e-17
8.34	-4.79549e-17
8.345	-5.01592e-17
8.35	-1.36998e-16
8.355	-6.81038e-17
8.36	-3.83379e-17
8.365	-2.97644e-17
8.37	-9.79069e-17
8.375	-3.26235e-17
8.38	-6.64367e-18
8.385	9.12857e-20
8.39	-7.06421e-17
8.395	-6.89602e-17
8.4	6.34279e-18
8.405	-5.15514e-17
8.41	-7.65541e-17
8.415	-8.4323e-17
8.42	-4.1689e-17
8.425	-4.14403e-17
8.43	-1.18621e-16
8.435	-1.27111e-16
8.44	-1.28287e-16
8.445	-6.14535e-17
8.45	-3.49181e-17
8.455	-8.48199e-17
8.46	-7.00624e-17
8.465	-5.02884e-17
8.47	2.84075e-17
8.475	6.20878e-17
8.48	-1.416e-18
8.485	8.08995e-18
8.49	2.40412e-17
8.495	1.09107e-16
8.5	5.33399e-17
8.505	3.13085e-17
8.51	2.78862e-17
8.515	8.63291e-17
8.52	2.67171e-17
8.525	2.17337e-18
8.53	-5.33666e-18
8.535	4.53931e-17
8.54	5.79969e-17
8.545	-2.25149e-18
8.55	6.00442e-19
8.555	9.55809e-18
8.56	7.72148e-17
8.565	1.03963e-16
8.57	4.67685e-17
8.575	5.39993e-17
8.58	6.63351e-17
8.585	1.41377e-16
8.59	9.02827e-17
8.595	7.22246e-17
8.6	7.07794e-17
8.605	1.29187e-16
8.61	7.89577e-17
8.615	6.29012e-17
8.62	6.20734e-17
8.625	1.25082e-16
8.63	1.30348e-16
8.635	8.62635e-17
8.64	1.53844e-16
8.645	1.96427e-16
8.65	2.24848e-16
8.655	2.20141e-16
8.66	2.53111e-16
8.665	3.54318e-16
8.67	3.96716e-16
8.675	4.32062e-16
8.68	4.12086e-16
8.685	4.24003e-16
8.69	4.91426e-16
8.695	5.06325e-16
8.7	5.16577e-16
8.705	4.74408e-16
8.71	4.65077e-16
8.715	5.19957e-16
8.72	5.18644e-16
8.725	5.12732e-16
8.73	4.39208e-16
8.735	4.73549e-16
8.74	4.75956e-16
8.745	4.65563e-16
8.75	3.95559e-16
8.755	4.13695e-16
8.76	3.99069e-16
8.765	3.734e-16
8.77	2.96413e-16
8.775	2.45949e-16
8.78	2.37934e-16
8.785	1.84433e-16
8.79	1.28316e-16
8.795	2.20459e-17
8.8	-5.31391e-17
8.805	-7.12524e-17
8.81	-1.34983e-16
8.815	-1.99988e-16
8.82	-3.11856e-16
8.825	-3.22731e-16
8.83	-3.56822e-16
8.835	-4.01156e-16
8.84	-4.78093e-16
8.845	-4.6574e-16
8.85	-4.74989e-16
8.855	-4.94791e-16
8.86	-5.44541e-16
8.865	-5.6122e-16
8.87	-5.15375e-16
8.875	-5.16859e-16
8.88	-5.22718e-16
8.885	-5.6383e-16
8.89	-5.72123e-16
8.895	-5.15432e-16
8.9	-5.05282e-16
8.905	-4.98951e-16
8.91	-5.25425e-16
8.915	-4.64841e-16
8.92	-4.26244e-16
8.925	-3.98759e-16
8.93	-4.03976e-16
8.935	-3.36197e-16
8.94	-2.92198e-16
8.945	-2.58501e-16
8.95	-2.57935e-16
8.955	-2.32969e-16
8.96	-1.67245e-16
8.965	-1.41158e-16
8.97	-1.19023e-16
8.975	-1.33784e-16
8.98	-1.22788e-16
8.985	-6.47974e-17
8.99	-4.49369e-17
8.995	-2.76677e-17
9	-4.12172e-17
9.005	2.09595e-17
9.01	6.35137e-17
9.015	9.74279e-17
9.02	1.07375e-16
9.025	1.81046e-16
9.03	2.34208e-16
9.035	2.78698e-16
9.04	2.97144e-16
9.045	3.37031e-16
9.05	4.11088e-16
9.055	4.50067e-16
9.06	4.85258e-16
9.065	4.82123e-16
9.07	5.31901e-16
9.075	5.60143e-16
9.08	5.83269e-16
9.085	5.7626e-16
9.09	5.9925e-16
9.095	6.46887e-16
9.1	6.38546e-16
9.105	6.45192e-16
9.11	6.5665e-16
9.115	6.81912e-16
9.12	6.8495e-16
9.125	6.57278e-16
9.13	6.57381e-16
9.135	6.59489e-16
9.14	6.85053e-16
9.145	6.88774e-16
9.15	6.57612e-16
9.155	6.52794e-16
9.16	6.49104e-16
9.165	6.55461e-16
9.17	6.14128e-16
9.175	5.87209e-16
9.18	5.65003e-16
9.185	5.56918e-16
9.19	5.08549e-16
9.195	4.7642e-16
9.2	4.48978e-16
9.205	4.38453e-16
9.21	4.14015e-16
9.215	3.74694e-16
9.22	3.5652e-16
9.225	3.40068e-16
9.23	3.43877e-16
9.235	3.32056e-16
9.24	2.99646e-16
9.245	2.86265e-16
9.25	2.72959e-16
9.255	2.73332e-16
9.26	2.37833e-16
9.265	2.15682e-16
9.27	1.95999e-16
9.275	1.87749e-16
9.28	1.52528e-16
9.285	1.31647e-16
9.29	1.12816e-16
9.295	1.07172e-16
9.3	9.17617e-17
9.305	7.06822e-17
9.31	6.38104e-17
9.315	5.7365e-17
9.32	6.53848e-17
9.325	6.14247e-17
9.33	4.49874e-17
9.335	4.05122e-17
9.34	3.50634e-17
9.345	3.38739e-17
9.35	8.02676e-18
9.355	-8.35219e-18
9.36	-2.43797e-17
9.365	-3.71073e-17
9.37	-6.43112e-17
9.375	-7.97017e-17
9.38	-9.49437e-17
9.385	-1.01133e-16
9.39	-1.1204e-16
9.395	-1.16271e-16
9.4	-1.13578e-16
9.405	-1.11417e-16
9.41	-9.7648e-17
9.415	-9.03584e-17
9.42	-8.18585e-17
9.425	-6.99832e-17
9.43	-6.06086e-17
9.435	-5.2521e-17
9.44	-5.7417e-17
9.445	-5.74064e-17
9.45	-5.99101e-17
9.455	-7.16824e-17
9.46	-8.934e-17
9.465	-1.01456e-16
9.47	-1.15344e-16
9.475	-1.32086e-16
9.48	-1.53349e-16
9.485	-1.70474e-16
9.49	-1.84516e-16
9.495	-1.99052e-16
9.5	-2.12847e-16
9.505	-2.31221e-16
9.51	-2.45122e-16
9.515	-2.59982e-16
9.52	-2.76848e-16
9.525	-3.02141e-16
9.53	-3.23076e-16
9.535	-3.39987e-16
9.54	-3.60797e-16
9.545	-3.88264e-16
9.55	-4.03433e-16
9.555	-4.12191e-16
9.56	-4.25223e-16
9.565	-4.42994e-16
9.57	-4.53477e-16
9.575	-4.39688e-16
9.58	-4.3729e-16
9.585	-4.35226e-16
9.59	-4.29473e-16
9.595	-4.06966e-16
9.6	-3.85372e-16
9.605	-3.82602e-16
9.61	-3.72403e-16
9.615	-3.60376e-16
9.62	-3.43456e-16
9.625	-3.27765e-16
9.63	-3.32821e-16
9.635	-3.2582e-16
9.64	-3.15728e-16
9.645	-2.92494e-16
9.65	-2.71254e-16
9.655	-2.67572e-16
9.66	-2.52766e-16
9.665	-2.35014e-16
9.67	-1.95222e-16
9.675	-1.77528e-16
9.68	-1.57527e-16
9.685	-1.30824e-16
9.69	-8.43997e-17
9.695	-7.26404e-17
9.7	-6.2588e-17
9.705	-4.52205e-17
9.71	-1.60006e-17
9.715	-4.12735e-18
9.72	-3.06087e-17
9.725	-2.42125e-17
9.73	-2.12621e-17
9.735	-2.46867e-17
9.74	-5.05934e-17
9.745	-6.63025e-17
9.75	-4.1887e-17
9.755	-3.74567e-17
9.76	-3.65464e-17
9.765	-4.63803e-17
9.77	-4.67803e-17
9.775	-6.01204e-18
9.78	8.97369e-18
9.785	1.86294e-17
9.79	6.81073e-18
9.795	4.58975e-18
9.8	3.8217e-17
9.805	4.71978e-17
9.81	5.10413e-17
9.815	1.86353e-17
9.82	3.03252e-17
9.825	3.31344e-17
9.83	2.50082e-17
9.835	-1.65526e-17
9.84	-2.98647e-18
9.845	5.85574e-18
9.85	3.74348e-18
9.855	-2.53462e-17
9.86	-2.54742e-17
9.865	2.134e-17
9.87	1.09976e-17
9.875	6.90305e-18
9.88	1.23417e-17
9.885	4.585e-17
9.89	6.00845e-17
9.895	1.35359e-17
9.9	5.04711e-19
9.905	-7.18821e-18
9.91	5.34209e-18
9.915	2.22281e-18
9.92	-5.56084e-17
9.925	-7.50509e-17
9.93	-8.74991e-17
9.935	-6.36688e-17
9.94	-5.35165e-17
9.945	-8.65416e-17
9.95	-8.39601e-17
9.955	-7.52348e-17
9.96	-5.12645e-18
9.965	-3.13906e-19
9.97	2.14682e-17
9.975	5.6621e-17
9.98	1.44643e-16
9.985	1.55088e-16
9.99	1.75954e-16
9.995	2.09928e-16
10	2.83219e-16
