0.005	5.49164e-10
0.01	2.54151e-10
0.015	3.50369e-10
0.02	4.14242e-10
0.025	3.34017e-10
0.03	3.59242e-10
0.035	2.79763e-10
0.04	3.09076e-10
0.045	3.53613e-10
0.05	3.90593e-10
0.055	3.15308e-10
0.06	3.82438e-10
0.065	3.09767e-10
0.07	3.1253e-10
0.075	3.58982e-10
0.08	3.27152e-10
0.085	2.84774e-10
0.09	3.64035e-10
0.095	4.22568e-10
0.1	4.07169e-10
0.105	3.35999e-10
0.11	3.5888e-10
0.115	3.3086e-10
0.12	4.22449e-10
0.125	4.21429e-10
0.13	3.39323e-10
0.135	3.22132e-10
0.14	3.12448e-10
0.145	3.63946e-10
0.15	4.11739e-10
0.155	3.88722e-10
0.16	3.12901e-10
0.165	3.84634e-10
0.17	4.30367e-10
0.175	4.0989e-10
0.18	4.12329e-10
0.185	3.87878e-10
0.19	4.34706e-10
0.195	4.22868e-10
0.2	4.33566e-10
0.205	3.53522e-10
0.21	4.08308e-10
0.215	3.96402e-10
0.22	3.96186e-10
0.225	4.07627e-10
0.23	4.32235e-10
0.235	4.01856e-10
0.24	3.36072e-10
0.245	3.68611e-10
0.25	4.02032e-10
0.255	3.88584e-10
0.26	4.00398e-10
0.265	3.97042e-10
0.27	4.06912e-10
0.275	3.34492e-10
0.28	3.78891e-10
0.285	3.59094e-10
0.29	4.32115e-10
0.295	4.26923e-10
0.3	3.7784e-10
0.305	3.76981e-10
0.31	4.2321e-10
0.315	3.48613e-10
0.32	3.14526e-10
0.325	4.06273e-10
0.33	2.46595e-10
0.335	2.51702e-10
0.34	2.93885e-10
0.345	4.27928e-10
0.35	4.2348e-10
0.355	3.9335e-10
0.36	3.58372e-10
0.365	3.73869e-10
0.37	3.69111e-10
0.375	3.17678e-10
0.38	4.25901e-10
0.385	3.81472e-10
0.39	3.72278e-10
0.395	3.7386e-10
0.4	3.77358e-10
0.405	3.77329e-10
0.41	3.23937e-10
0.415	3.6389e-10
0.42	3.32427e-10
0.425	3.78707e-10
0.43	4.23159e-10
0.435	3.14852e-10
0.44	2.89533e-10
0.445	3.15259e-10
0.45	4.31405e-10
0.455	3.05645e-10
0.46	4.2862e-10
0.465	2.94715e-10
0.47	2.94309e-10
0.475	4.24128e-10
0.48	4.24674e-10
0.485	3.92353e-10
0.49	3.85108e-10
0.495	3.70435e-10
0.5	3.98771e-10
0.505	4.05816e-10
0.51	3.89852e-10
0.515	3.85277e-10
0.52	3.93715e-10
0.525	4.08992e-10
0.53	4.01102e-10
0.535	4.0083e-10
0.54	3.93234e-10
0.545	3.78566e-10
0.55	3.63735e-10
0.555	3.19394e-10
0.56	3.15794e-10
0.565	4.19378e-10
0.57	3.77466e-10
0.575	3.58071e-10
0.58	3.19963e-10
0.585	3.13756e-10
0.59	4.28525e-10
0.595	3.74346e-10
0.6	3.53867e-10
0.605	3.09153e-10
0.61	3.02737e-10
0.615	4.33349e-10
0.62	3.69354e-10
0.625	3.46393e-10
0.63	2.94824e-10
0.635	2.90326e-10
0.64	4.35793e-10
0.645	3.68983e-10
0.65	3.46734e-10
0.655	3.57173e-10
0.66	3.48109e-10
0.665	3.40365e-10
0.67	2.72684e-10
0.675	2.659e-10
0.68	3.92484e-10
0.685	3.18056e-10
0.69	2.35272e-10
0.695	3.99173e-10
0.7	2.87351e-10
0.705	2.0553e-10
0.71	3.60809e-10
0.715	1.85069e-10
0.72	3.82416e-10
0.725	2.3436e-10
0.73	4.0038e-10
0.735	2.27122e-10
0.74	4.1707e-10
0.745	2.22159e-10
0.75	4.32204e-10
0.755	2.19824e-10
0.76	1.18904e-10
0.765	2.80894e-10
0.77	3.79835e-10
0.775	4.34038e-10
0.78	2.19039e-10
0.785	1.15095e-10
0.79	2.93534e-10
0.795	4.04264e-10
0.8	2.16125e-10
0.805	4.35396e-10
0.81	2.34299e-10
0.815	1.34222e-10
0.82	3.10735e-10
0.825	4.16509e-10
0.83	2.40599e-10
0.835	1.47992e-10
0.84	3.18077e-10
0.845	4.17722e-10
0.85	2.54524e-10
0.855	1.61458e-10
0.86	3.34306e-10
0.865	4.34433e-10
0.87	2.69255e-10
0.875	1.71287e-10
0.88	3.51859e-10
0.885	1.71994e-10
0.89	3.85236e-10
0.895	2.50989e-10
0.9	4.17522e-10
0.905	2.63675e-10
0.91	1.70371e-10
0.915	3.39857e-10
0.92	1.67103e-10
0.925	3.71316e-10
0.93	2.40846e-10
0.935	4.01702e-10
0.94	2.5097e-10
0.945	1.59014e-10
0.95	3.25828e-10
0.955	4.20956e-10
0.96	2.60448e-10
0.965	1.622e-10
0.97	3.38965e-10
0.975	1.60717e-10
0.98	3.68235e-10
0.985	2.3677e-10
0.99	3.96009e-10
0.995	2.47965e-10
1	4.28886e-10
1.005	2.58552e-10
1.01	1.59888e-10
1.015	3.30505e-10
1.02	4.26686e-10
1.025	2.57962e-10
1.03	1.58462e-10
1.035	3.30446e-10
1.04	4.27923e-10
1.045	2.56504e-10
1.05	1.55955e-10
1.055	3.28669e-10
1.06	4.26891e-10
1.065	2.53217e-10
1.07	1.5242e-10
1.075	3.24766e-10
1.08	4.23102e-10
1.085	2.48318e-10
1.09	1.47901e-10
1.095	3.18853e-10
1.1	4.16982e-10
1.105	2.41917e-10
1.11	1.42554e-10
1.115	3.11079e-10
1.12	4.08463e-10
1.125	2.34114e-10
1.13	1.36499e-10
1.135	3.01396e-10
1.14	3.97278e-10
1.145	1.33254e-10
1.15	3.86728e-10
1.155	2.1461e-10
1.16	4.00272e-10
1.165	2.17719e-10
1.17	4.19109e-10
1.175	2.22079e-10
1.18	1.20573e-10
1.185	2.84727e-10
1.19	3.81235e-10
1.195	4.33472e-10
1.2	2.25019e-10
1.205	1.16296e-10
1.21	2.95248e-10
1.215	4.0252e-10
1.22	2.06011e-10
1.225	4.23993e-10
1.23	2.1219e-10
1.235	1.05039e-10
1.24	2.74249e-10
1.245	3.76255e-10
1.25	4.31927e-10
1.255	2.11861e-10
1.26	1.00833e-10
1.265	2.81242e-10
1.27	3.91459e-10
1.275	9.64599e-11
1.28	3.68712e-10
1.285	1.77491e-10
1.29	3.739e-10
1.295	1.77741e-10
1.3	3.83409e-10
1.305	1.80462e-10
1.31	3.95375e-10
1.315	1.84022e-10
1.32	4.08214e-10
1.325	1.87591e-10
1.33	4.22524e-10
1.335	1.92147e-10
1.34	8.17016e-11
1.345	2.5621e-10
1.35	3.6293e-10
1.355	4.2193e-10
1.36	1.95663e-10
1.365	8.54339e-11
1.37	2.6783e-10
1.375	3.80383e-10
1.38	8.5799e-11
1.385	3.59356e-10
1.39	1.69283e-10
1.395	3.66206e-10
1.4	1.71764e-10
1.405	3.7793e-10
1.41	1.76976e-10
1.415	3.91329e-10
1.42	1.82212e-10
1.425	4.05781e-10
1.43	1.87414e-10
1.435	4.20194e-10
1.44	1.92315e-10
1.445	4.34911e-10
1.45	1.97225e-10
1.455	8.32729e-11
1.46	2.61535e-10
1.465	3.70201e-10
1.47	4.29938e-10
1.475	1.96258e-10
1.48	8.25761e-11
1.485	2.66765e-10
1.49	3.80203e-10
1.495	7.95356e-11
1.5	3.54983e-10
1.505	1.60717e-10
1.51	3.58342e-10
1.515	7.7602e-11
1.52	3.47954e-10
1.525	1.54429e-10
1.53	3.47942e-10
1.535	7.30676e-11
1.54	3.35856e-10
1.545	1.47241e-10
1.55	3.34656e-10
1.555	4.33786e-10
1.56	1.8752e-10
1.565	6.93298e-11
1.57	2.5805e-10
1.575	3.74131e-10
1.58	6.59509e-11
1.585	3.45603e-10
1.59	1.4793e-10
1.595	3.47452e-10
1.6	6.45846e-11
1.605	3.35508e-10
1.61	1.42421e-10
1.615	3.35233e-10
1.62	6.29777e-11
1.625	3.22642e-10
1.63	6.76123e-11
1.635	3.34797e-10
1.64	1.41167e-10
1.645	3.31158e-10
1.65	4.3139e-10
1.655	1.84523e-10
1.66	6.52738e-11
1.665	2.54031e-10
1.67	3.69443e-10
1.675	4.33513e-10
1.68	1.88289e-10
1.685	6.71114e-11
1.69	2.61178e-10
1.695	3.80026e-10
1.7	6.56266e-11
1.705	3.53597e-10
1.71	1.51486e-10
1.715	3.54521e-10
1.72	6.64706e-11
1.725	3.43841e-10
1.73	1.46312e-10
1.735	3.41408e-10
1.74	6.43828e-11
1.745	3.29098e-10
1.75	6.89284e-11
1.755	3.39224e-10
1.76	1.44293e-10
1.765	3.35465e-10
1.77	4.35724e-10
1.775	1.86316e-10
1.78	6.54337e-11
1.785	2.56019e-10
1.79	3.70939e-10
1.795	4.345e-10
1.8	1.88262e-10
1.805	6.6439e-11
1.81	2.60755e-10
1.815	3.78342e-10
1.82	6.41538e-11
1.825	3.50213e-10
1.83	1.50239e-10
1.835	3.50482e-10
1.84	6.43184e-11
1.845	3.38124e-10
1.85	1.43825e-10
1.855	3.35093e-10
1.86	4.35472e-10
1.865	1.86674e-10
1.87	6.41534e-11
1.875	2.56308e-10
1.88	3.71888e-10
1.885	4.35678e-10
1.89	1.88427e-10
1.895	6.49355e-11
1.9	2.60995e-10
1.905	3.79277e-10
1.91	6.24035e-11
1.915	3.51046e-10
1.92	1.49605e-10
1.925	3.5111e-10
1.93	6.23303e-11
1.935	3.38629e-10
1.94	1.42819e-10
1.945	3.35179e-10
1.95	5.92751e-11
1.955	3.21263e-10
1.96	6.38805e-11
1.965	3.30309e-10
1.97	1.37958e-10
1.975	3.24944e-10
1.98	4.22537e-10
1.985	1.7864e-10
1.99	5.87956e-11
1.995	2.45126e-10
2	3.56564e-10
2.005	4.17959e-10
2.01	1.7854e-10
2.015	5.89724e-11
2.02	2.47574e-10
2.025	3.60953e-10
2.03	4.23707e-10
2.035	1.81294e-10
2.04	5.92789e-11
2.045	2.52865e-10
2.05	3.69605e-10
2.055	4.34413e-10
2.06	1.85772e-10
2.065	5.99153e-11
2.07	2.60379e-10
2.075	3.81438e-10
2.08	5.75278e-11
2.085	3.53363e-10
2.09	1.47204e-10
2.095	3.54373e-10
2.1	5.74326e-11
2.105	3.42022e-10
2.11	1.4038e-10
2.115	3.39045e-10
2.12	5.41009e-11
2.125	3.24792e-10
2.13	5.86894e-11
2.135	3.34667e-10
2.14	1.35607e-10
2.145	3.29054e-10
2.15	4.30397e-10
2.155	1.7792e-10
2.16	5.36438e-11
2.165	2.46658e-10
2.17	3.62257e-10
2.175	4.26246e-10
2.18	1.7796e-10
2.185	5.38779e-11
2.19	2.49375e-10
2.195	3.67008e-10
2.2	4.32451e-10
2.205	1.80962e-10
2.21	5.43404e-11
2.215	2.54986e-10
2.22	3.76099e-10
2.225	5.17306e-11
2.23	3.47192e-10
2.235	1.41061e-10
2.24	3.47253e-10
2.245	5.15429e-11
2.25	3.34329e-10
2.255	1.33807e-10
2.26	3.30625e-10
2.265	4.34235e-10
2.27	1.7813e-10
2.275	5.0904e-11
2.28	2.49054e-10
2.285	3.67906e-10
2.29	4.34033e-10
2.295	1.79278e-10
2.3	5.14658e-11
2.305	2.5322e-10
2.31	3.74858e-10
2.315	4.889e-11
2.32	3.4542e-10
2.325	1.38324e-10
2.33	3.4493e-10
2.335	4.87369e-11
2.34	3.31732e-10
2.345	1.30912e-10
2.35	3.27617e-10
2.355	4.31035e-10
2.36	1.75145e-10
2.365	4.81021e-11
2.37	2.45705e-10
2.375	3.64251e-10
2.38	4.30057e-10
2.385	1.76133e-10
2.39	4.87511e-11
2.395	2.49632e-10
2.4	3.70751e-10
2.405	4.62906e-11
2.41	3.41389e-10
2.415	1.35262e-10
2.42	3.40729e-10
2.425	4.62565e-11
2.43	3.27605e-10
2.435	1.27938e-10
2.44	3.23416e-10
2.445	4.26135e-10
2.45	1.72039e-10
2.455	4.58181e-11
2.46	2.42104e-10
2.465	3.5984e-10
2.47	4.25118e-10
2.475	1.73216e-10
2.48	4.66898e-11
2.485	2.46172e-10
2.49	3.66322e-10
2.495	4.33159e-10
2.5	1.77455e-10
2.505	4.78782e-11
2.51	2.5326e-10
2.515	3.77135e-10
2.52	4.56954e-11
2.525	3.48151e-10
2.53	1.37431e-10
2.535	3.48599e-10
2.54	4.61246e-11
2.545	3.359e-10
2.55	1.30688e-10
2.555	3.32395e-10
2.56	4.32882e-11
2.565	3.17886e-10
2.57	4.83444e-11
2.575	3.27764e-10
2.58	1.26422e-10
2.585	3.21854e-10
2.59	4.24115e-10
2.595	1.69646e-10
2.6	4.3974e-11
2.605	2.3879e-10
2.61	3.55357e-10
2.615	4.19777e-10
2.62	1.70271e-10
2.625	4.49538e-11
2.63	2.41935e-10
2.635	3.6028e-10
2.64	4.25835e-10
2.645	1.73859e-10
2.65	4.62043e-11
2.655	2.4803e-10
2.66	3.69507e-10
2.665	4.41039e-11
2.67	3.40826e-10
2.675	1.3417e-10
2.68	3.40731e-10
2.685	4.458e-11
2.69	3.28063e-10
2.695	1.27366e-10
2.7	3.24272e-10
2.705	4.27371e-10
2.71	1.72184e-10
2.715	4.47149e-11
2.72	2.43047e-10
2.725	3.61676e-10
2.73	4.27178e-10
2.735	1.73975e-10
2.74	4.60321e-11
2.745	2.47698e-10
2.75	3.68755e-10
2.755	4.35772e-10
2.76	1.78668e-10
2.765	4.75893e-11
2.77	2.55212e-10
2.775	3.79995e-10
2.78	4.5499e-11
2.785	3.51015e-10
2.79	1.38647e-10
2.795	3.51601e-10
2.8	4.61804e-11
2.805	3.38942e-10
2.81	1.31929e-10
2.815	3.3542e-10
2.82	4.34391e-11
2.825	3.20915e-10
2.83	4.86134e-11
2.835	3.30755e-10
2.84	1.27643e-10
2.845	3.25042e-10
2.85	4.27849e-10
2.855	1.71391e-10
2.86	4.42914e-11
2.865	2.41246e-10
2.87	3.58639e-10
2.875	4.23335e-10
2.88	1.71945e-10
2.885	4.534e-11
2.89	2.44341e-10
2.895	3.63406e-10
2.9	4.29386e-10
2.905	1.75441e-10
2.91	4.66071e-11
2.915	2.50333e-10
2.92	3.72596e-10
2.925	4.4391e-11
2.93	3.4344e-10
2.935	1.35607e-10
2.94	3.43564e-10
2.945	4.48062e-11
2.95	3.30545e-10
2.955	1.28644e-10
2.96	3.2687e-10
2.965	4.30728e-10
2.97	1.73469e-10
2.975	4.48272e-11
2.98	2.44868e-10
2.985	3.64453e-10
2.99	4.30478e-10
2.995	1.75035e-10
3	4.60498e-11
3.005	2.49336e-10
3.01	3.71473e-10
3.015	4.37486e-11
3.02	3.41895e-10
3.025	1.34511e-10
3.03	3.41452e-10
3.035	4.40646e-11
3.04	3.28153e-10
3.045	1.27353e-10
3.05	3.24131e-10
3.055	4.27312e-10
3.06	1.71722e-10
3.065	4.39767e-11
3.07	2.42336e-10
3.075	3.60865e-10
3.08	4.2624e-10
3.085	1.73024e-10
3.09	4.51189e-11
3.095	2.46449e-10
3.1	3.67295e-10
3.105	4.34153e-10
3.11	1.77343e-10
3.115	4.64958e-11
3.12	2.53495e-10
3.125	3.78022e-10
3.13	4.42486e-11
3.135	3.48783e-10
3.14	1.3729e-10
3.145	3.49174e-10
3.15	4.47781e-11
3.155	3.36276e-10
3.16	1.30463e-10
3.165	3.32722e-10
3.17	4.19035e-11
3.175	3.18024e-10
3.18	4.70951e-11
3.185	3.2784e-10
3.19	1.25894e-10
3.195	3.21863e-10
3.2	4.24159e-10
3.205	1.69453e-10
3.21	4.26226e-11
3.215	2.38581e-10
3.22	3.55166e-10
3.225	4.1948e-10
3.23	1.69897e-10
3.235	4.36171e-11
3.24	2.41528e-10
3.245	3.59777e-10
3.25	4.25239e-10
3.255	1.73344e-10
3.26	4.48471e-11
3.265	2.47455e-10
3.27	3.68739e-10
3.275	4.2681e-11
3.28	3.39845e-10
3.285	1.3345e-10
3.29	3.39797e-10
3.295	4.30932e-11
3.3	3.26924e-10
3.305	1.2654e-10
3.31	3.23101e-10
3.315	4.25874e-10
3.32	1.713e-10
3.325	4.31335e-11
3.33	2.4194e-10
3.335	3.602e-10
3.34	4.25467e-10
3.345	1.72893e-10
3.35	4.43988e-11
3.355	2.46434e-10
3.36	3.67013e-10
3.365	4.33914e-10
3.37	1.77435e-10
3.375	4.59058e-11
3.38	2.53772e-10
3.385	3.78099e-10
3.39	4.37573e-11
3.395	3.48973e-10
3.4	1.3747e-10
3.405	3.49529e-10
3.41	4.43803e-11
3.415	3.36759e-10
3.42	1.3073e-10
3.425	3.33327e-10
3.43	4.15594e-11
3.435	3.18717e-10
3.44	4.68017e-11
3.445	3.28604e-10
3.45	1.26406e-10
3.455	3.22787e-10
3.46	4.25202e-10
3.465	1.70047e-10
3.47	4.24492e-11
3.475	2.39575e-10
3.48	3.56283e-10
3.485	4.2082e-10
3.49	1.70572e-10
3.495	4.35295e-11
3.5	2.42674e-10
3.505	3.61158e-10
3.51	4.26881e-10
3.515	1.74103e-10
3.52	4.48514e-11
3.525	2.4871e-10
3.53	3.70403e-10
3.535	4.26776e-11
3.54	3.41466e-10
3.545	1.345e-10
3.55	3.41513e-10
3.555	4.31645e-11
3.56	3.28673e-10
3.565	1.27626e-10
3.57	3.24903e-10
3.575	4.28377e-10
3.58	1.72482e-10
3.585	4.33265e-11
3.59	2.43727e-10
3.595	3.62503e-10
3.6	4.28388e-10
3.605	1.74118e-10
3.61	4.46555e-11
3.615	2.48358e-10
3.62	3.69709e-10
3.625	4.24369e-11
3.63	3.4037e-10
3.635	1.3392e-10
3.64	3.40043e-10
3.645	4.28848e-11
3.65	3.26959e-10
3.655	1.26868e-10
3.66	3.23041e-10
3.665	4.25876e-10
3.67	1.71309e-10
3.675	4.29754e-11
3.68	2.41933e-10
3.685	3.59921e-10
3.69	4.25276e-10
3.695	1.72754e-10
3.7	4.42607e-11
3.705	2.46291e-10
3.71	3.66693e-10
3.715	4.33683e-10
3.72	1.77278e-10
3.725	4.58044e-11
3.73	2.5363e-10
3.735	3.77838e-10
3.74	4.36321e-11
3.745	3.48811e-10
3.75	1.37612e-10
3.755	3.49379e-10
3.76	4.42965e-11
3.765	3.36716e-10
3.77	1.30904e-10
3.775	3.33348e-10
3.78	4.15065e-11
3.785	3.18841e-10
3.79	4.68261e-11
3.795	3.28877e-10
3.8	1.26619e-10
3.805	3.23151e-10
3.81	4.25871e-10
3.815	1.70353e-10
3.82	4.24735e-11
3.825	2.40035e-10
3.83	3.57073e-10
3.835	4.21992e-10
3.84	1.71037e-10
3.845	4.36262e-11
3.85	2.43381e-10
3.855	3.62389e-10
3.86	4.28615e-10
3.865	1.74798e-10
3.87	4.50237e-11
3.875	2.4973e-10
3.88	3.7214e-10
3.885	4.29033e-11
3.89	3.432e-10
3.895	1.35038e-10
3.9	3.43415e-10
3.905	4.34186e-11
3.91	3.30605e-10
3.915	1.28219e-10
3.92	3.27035e-10
3.925	4.31415e-10
3.93	1.73659e-10
3.935	4.36137e-11
3.94	2.45437e-10
3.945	3.65361e-10
3.95	4.32029e-10
3.955	1.75641e-10
3.96	4.50209e-11
3.965	2.50492e-10
3.97	3.73186e-10
3.975	4.2844e-11
3.98	3.43756e-10
3.985	1.34956e-10
3.99	3.43569e-10
3.995	4.33262e-11
4	3.30487e-10
4.005	1.27959e-10
4.01	3.26695e-10
4.015	4.30903e-10
4.02	1.73318e-10
4.025	4.34597e-11
4.03	2.44894e-10
4.035	3.64523e-10
4.04	4.30947e-10
4.045	1.75142e-10
4.05	4.48176e-11
4.055	2.49732e-10
4.06	3.71996e-10
4.065	4.26298e-11
4.07	3.42553e-10
4.075	1.34368e-10
4.08	3.42322e-10
4.085	4.3103e-11
4.09	3.29234e-10
4.095	1.27351e-10
4.1	3.25383e-10
4.105	4.29086e-10
4.11	1.72539e-10
4.115	4.32251e-11
4.12	2.43771e-10
4.125	3.62929e-10
4.13	4.28994e-10
4.135	1.74318e-10
4.14	4.45615e-11
4.145	2.48547e-10
4.15	3.70264e-10
4.155	4.23847e-11
4.16	3.4097e-10
4.165	1.3368e-10
4.17	3.40728e-10
4.175	4.28572e-11
4.18	3.2768e-10
4.185	1.26679e-10
4.19	3.23817e-10
4.195	4.27005e-10
4.2	1.71676e-10
4.205	4.29842e-11
4.21	2.42592e-10
4.215	3.61192e-10
4.22	4.269e-10
4.225	1.73449e-10
4.23	4.43143e-11
4.235	2.47349e-10
4.24	3.68558e-10
4.245	4.21473e-11
4.25	3.39417e-10
4.255	1.33031e-10
4.26	3.39141e-10
4.265	4.26217e-11
4.27	3.26173e-10
4.275	1.26084e-10
4.28	3.22289e-10
4.285	4.25041e-10
4.29	1.70855e-10
4.295	4.27571e-11
4.3	2.41461e-10
4.305	3.59598e-10
4.31	4.24967e-10
4.315	1.72658e-10
4.32	4.41053e-11
4.325	2.46247e-10
4.33	3.67025e-10
4.335	4.33979e-10
4.34	1.77504e-10
4.345	4.57144e-11
4.35	2.54059e-10
4.355	3.78833e-10
4.36	4.36076e-11
4.365	3.49988e-10
4.37	1.37704e-10
4.375	3.50772e-10
4.38	4.43394e-11
4.385	3.38255e-10
4.39	1.31159e-10
4.395	3.35016e-10
4.4	4.16068e-11
4.405	3.20668e-10
4.41	4.69558e-11
4.415	3.31002e-10
4.42	1.2716e-10
4.425	3.25411e-10
4.43	4.28869e-10
4.435	1.71434e-10
4.44	4.26938e-11
4.445	2.41806e-10
4.45	3.60284e-10
4.455	4.25585e-10
4.46	1.72562e-10
4.465	4.38976e-11
4.47	2.45747e-10
4.475	3.66308e-10
4.48	4.32968e-10
4.485	1.76729e-10
4.49	4.53837e-11
4.495	2.52712e-10
4.5	3.76828e-10
4.505	4.32754e-11
4.51	3.47813e-10
4.515	1.36723e-10
4.52	3.48322e-10
4.525	4.38879e-11
4.53	3.35572e-10
4.535	1.30045e-10
4.54	3.32192e-10
4.545	4.11736e-11
4.55	3.17739e-10
4.555	4.64302e-11
4.56	3.27806e-10
4.565	1.25871e-10
4.57	3.22076e-10
4.575	4.24432e-10
4.58	1.69595e-10
4.585	4.2174e-11
4.59	2.39079e-10
4.595	3.56233e-10
4.6	4.20758e-10
4.605	1.70527e-10
4.61	4.33418e-11
4.615	2.42743e-10
4.62	3.61879e-10
4.625	4.27714e-10
4.63	1.74511e-10
4.635	4.47817e-11
4.64	2.49462e-10
4.645	3.72035e-10
4.65	4.26916e-11
4.655	3.43338e-10
4.66	1.34971e-10
4.665	3.43721e-10
4.67	4.32851e-11
4.675	3.31113e-10
4.68	1.28313e-10
4.685	3.27705e-10
4.69	4.32109e-10
4.695	1.73952e-10
4.7	4.3573e-11
4.705	2.46051e-10
4.71	3.66626e-10
4.715	4.33261e-10
4.72	1.76219e-10
4.725	4.50433e-11
4.73	2.51559e-10
4.735	3.75035e-10
4.74	4.28939e-11
4.745	3.45731e-10
4.75	1.35763e-10
4.755	3.45777e-10
4.76	4.34532e-11
4.765	3.32867e-10
4.77	1.28895e-10
4.775	3.29253e-10
4.78	4.34146e-10
4.785	1.74649e-10
4.79	4.36913e-11
4.795	2.4696e-10
4.8	3.67935e-10
4.805	4.34868e-10
4.81	1.76741e-10
4.815	4.51457e-11
4.82	2.52284e-10
4.825	3.76102e-10
4.83	4.29682e-11
4.835	3.46628e-10
4.84	1.36058e-10
4.845	3.46594e-10
4.85	4.35174e-11
4.855	3.33614e-10
4.86	1.29139e-10
4.865	3.2991e-10
4.87	4.35047e-10
4.875	1.7497e-10
4.88	4.37428e-11
4.885	2.47408e-10
4.89	3.68647e-10
4.895	4.35605e-10
4.9	1.77035e-10
4.905	4.51933e-11
4.91	2.52691e-10
4.915	3.76696e-10
4.92	4.30117e-11
4.925	3.47136e-10
4.93	1.36249e-10
4.935	3.47101e-10
4.94	4.35556e-11
4.945	3.34079e-10
4.95	1.29312e-10
4.955	3.30338e-10
4.96	4.35618e-10
4.965	1.75211e-10
4.97	4.37882e-11
4.975	2.47717e-10
4.98	3.69075e-10
4.985	4.15471e-11
4.99	3.38289e-10
4.995	1.3205e-10
5	3.36732e-10
5.005	4.19201e-11
5.01	3.23036e-10
5.015	4.72788e-11
5.02	3.33673e-10
5.025	1.28372e-10
5.03	3.28355e-10
5.035	4.32753e-10
5.04	1.73166e-10
5.045	4.30096e-11
5.05	2.44244e-10
5.055	3.63725e-10
5.06	4.29721e-10
5.065	1.74314e-10
5.07	4.4263e-11
5.075	2.48248e-10
5.08	3.69867e-10
5.085	4.20031e-11
5.09	3.40159e-10
5.095	1.33345e-10
5.1	3.39592e-10
5.105	4.24891e-11
5.11	3.26366e-10
5.115	1.26254e-10
5.12	3.22407e-10
5.125	4.25046e-10
5.13	1.70814e-10
5.135	4.25665e-11
5.14	2.41218e-10
5.145	3.59116e-10
5.15	4.2444e-10
5.155	1.72392e-10
5.16	4.39011e-11
5.165	2.45743e-10
5.17	3.66164e-10
5.175	4.33194e-10
5.18	1.77081e-10
5.185	4.55065e-11
5.19	2.53383e-10
5.195	3.77811e-10
5.2	4.34069e-11
5.205	3.49011e-10
5.21	1.37599e-10
5.215	3.49795e-10
5.22	4.41344e-11
5.225	3.37295e-10
5.23	1.31092e-10
5.235	3.34182e-10
5.24	4.14291e-11
5.245	3.19833e-10
5.25	4.67788e-11
5.255	3.30113e-10
5.26	1.2709e-10
5.265	3.24578e-10
5.27	4.27779e-10
5.275	1.71257e-10
5.28	4.25449e-11
5.285	2.41423e-10
5.29	3.59415e-10
5.295	4.24742e-10
5.3	1.7232e-10
5.305	4.37959e-11
5.31	2.45319e-10
5.315	3.65505e-10
5.32	4.32342e-10
5.325	1.76517e-10
5.33	4.53089e-11
5.335	2.52359e-10
5.34	3.76266e-10
5.345	4.32155e-11
5.35	3.47392e-10
5.355	1.36862e-10
5.36	3.47885e-10
5.365	4.38427e-11
5.37	3.35311e-10
5.375	1.30253e-10
5.38	3.3191e-10
5.385	4.11312e-11
5.39	3.17589e-10
5.395	4.6426e-11
5.4	3.27618e-10
5.405	1.2613e-10
5.41	3.22004e-10
5.415	4.24454e-10
5.42	1.69813e-10
5.425	4.2171e-11
5.43	2.39354e-10
5.435	3.56308e-10
5.44	4.21113e-10
5.445	1.7075e-10
5.45	4.33886e-11
5.455	2.43089e-10
5.46	3.6221e-10
5.465	4.2841e-10
5.47	1.74839e-10
5.475	4.4861e-11
5.48	2.49976e-10
5.485	3.72722e-10
5.49	4.27798e-11
5.495	3.44034e-10
5.5	1.35534e-10
5.505	3.44481e-10
5.51	4.33855e-11
5.515	3.31922e-10
5.52	1.28954e-10
5.525	3.28575e-10
5.53	4.33541e-10
5.535	1.74633e-10
5.54	4.37134e-11
5.545	2.46982e-10
5.55	3.67932e-10
5.555	4.3505e-10
5.56	1.76959e-10
5.565	4.52347e-11
5.57	2.52613e-10
5.575	3.76663e-10
5.58	4.30827e-11
5.585	3.47263e-10
5.59	1.36636e-10
5.595	3.47336e-10
5.6	4.365e-11
5.605	3.34393e-10
5.61	1.29826e-10
5.615	3.30759e-10
5.62	4.09033e-11
5.625	3.16206e-10
5.63	4.61476e-11
5.635	3.26036e-10
5.64	1.25484e-10
5.645	3.20142e-10
5.65	4.2211e-10
5.655	1.68765e-10
5.66	4.1871e-11
5.665	2.37689e-10
5.67	3.5395e-10
5.675	4.18261e-10
5.68	1.69511e-10
5.685	4.30346e-11
5.69	2.41192e-10
5.695	3.59465e-10
5.7	4.25131e-10
5.705	1.73451e-10
5.71	4.44723e-11
5.715	2.47873e-10
5.72	3.69634e-10
5.725	4.24017e-11
5.73	3.41126e-10
5.735	1.34393e-10
5.74	3.41467e-10
5.745	4.29892e-11
5.75	3.29004e-10
5.755	1.2781e-10
5.76	3.25555e-10
5.765	4.29497e-10
5.77	1.73028e-10
5.775	4.33017e-11
5.78	2.44604e-10
5.785	3.64427e-10
5.79	4.30816e-10
5.795	1.75298e-10
5.8	4.47839e-11
5.805	2.50177e-10
5.81	3.72963e-10
5.815	4.26615e-11
5.82	3.43846e-10
5.825	1.35319e-10
5.83	3.43913e-10
5.835	4.32231e-11
5.84	3.31138e-10
5.845	1.28528e-10
5.85	3.27497e-10
5.855	4.31979e-10
5.86	1.73943e-10
5.865	4.3486e-11
5.87	2.4583e-10
5.875	3.66144e-10
5.88	4.32849e-10
5.885	1.76079e-10
5.89	4.49468e-11
5.895	2.51215e-10
5.9	3.74393e-10
5.905	4.27995e-11
5.91	3.45075e-10
5.915	1.35786e-10
5.92	3.451e-10
5.925	4.33512e-11
5.93	3.32213e-10
5.935	1.28915e-10
5.94	3.28523e-10
5.945	4.33289e-10
5.95	1.74469e-10
5.955	4.35937e-11
5.96	2.46544e-10
5.965	3.67132e-10
5.97	4.3402e-10
5.975	1.76541e-10
5.98	4.50504e-11
5.985	2.5186e-10
5.99	3.7531e-10
5.995	4.28946e-11
6	3.45887e-10
6.005	1.36089e-10
6.01	3.45875e-10
6.015	4.34399e-11
6.02	3.32907e-10
6.025	1.29177e-10
6.03	3.29187e-10
6.035	4.34133e-10
6.04	1.74832e-10
6.045	4.3674e-11
6.05	2.47027e-10
6.055	3.6782e-10
6.06	4.34792e-10
6.065	1.76874e-10
6.07	4.51293e-11
6.075	2.5231e-10
6.08	3.75965e-10
6.085	4.29672e-11
6.09	3.46442e-10
6.095	1.36295e-10
6.1	3.46429e-10
6.105	4.35118e-11
6.11	3.33396e-10
6.115	1.2934e-10
6.12	3.29701e-10
6.125	4.34771e-10
6.13	1.75062e-10
6.135	4.37429e-11
6.14	2.47324e-10
6.145	3.68318e-10
6.15	4.35297e-10
6.155	1.77112e-10
6.16	4.51917e-11
6.165	2.5261e-10
6.17	3.76377e-10
6.175	4.30283e-11
6.18	3.4679e-10
6.185	1.36402e-10
6.19	3.46833e-10
6.195	4.3568e-11
6.2	3.33746e-10
6.205	1.29427e-10
6.21	3.30045e-10
6.215	4.35151e-10
6.22	1.75218e-10
6.225	4.37849e-11
6.23	2.47566e-10
6.235	3.68605e-10
6.24	4.35646e-10
6.245	1.77226e-10
6.25	4.52316e-11
6.255	2.52797e-10
6.26	3.76658e-10
6.265	4.30624e-11
6.27	3.47042e-10
6.275	1.36454e-10
6.28	3.47031e-10
6.285	4.35949e-11
6.29	3.33907e-10
6.295	1.29479e-10
6.3	3.30212e-10
6.305	4.35412e-10
6.31	1.7527e-10
6.315	4.38009e-11
6.32	2.47691e-10
6.325	3.68776e-10
6.33	4.15599e-11
6.335	3.37914e-10
6.34	1.3211e-10
6.345	3.36374e-10
6.35	4.19008e-11
6.355	3.22545e-10
6.36	4.72571e-11
6.365	3.33158e-10
6.37	1.28338e-10
6.375	3.27774e-10
6.38	4.32022e-10
6.385	1.72936e-10
6.39	4.29609e-11
6.395	2.43848e-10
6.4	3.62981e-10
6.405	4.28924e-10
6.41	1.73987e-10
6.415	4.42099e-11
6.42	2.47755e-10
6.425	3.69077e-10
6.43	4.1953e-11
6.435	3.39349e-10
6.44	1.3305e-10
6.445	3.38705e-10
6.45	4.23929e-11
6.455	3.25415e-10
6.46	1.25902e-10
6.465	3.2131e-10
6.47	4.2371e-10
6.475	1.70212e-10
6.48	4.24319e-11
6.485	2.40329e-10
6.49	3.57801e-10
6.495	4.22878e-10
6.5	1.71743e-10
6.505	4.37355e-11
6.51	2.44796e-10
6.515	3.64728e-10
6.52	4.31451e-10
6.525	1.76384e-10
6.53	4.53216e-11
6.535	2.52355e-10
6.54	3.76219e-10
6.545	4.32369e-11
6.55	3.47431e-10
6.555	1.3684e-10
6.56	3.48111e-10
6.565	4.3924e-11
6.57	3.35549e-10
6.575	1.30262e-10
6.58	3.32362e-10
6.585	4.11939e-11
6.59	3.17934e-10
6.595	4.64738e-11
6.6	3.28006e-10
6.605	1.26109e-10
6.61	3.2243e-10
6.615	4.24925e-10
6.62	1.69978e-10
6.625	4.22259e-11
6.63	2.39548e-10
6.635	3.56637e-10
6.64	4.21504e-10
6.645	1.70934e-10
6.65	4.34064e-11
6.655	2.43285e-10
6.66	3.62454e-10
6.665	4.28756e-10
6.67	1.74993e-10
6.675	4.48809e-11
6.68	2.5014e-10
6.685	3.72918e-10
6.69	4.28158e-11
6.695	3.44179e-10
6.7	1.35359e-10
6.705	3.44622e-10
6.71	4.3414e-11
6.715	3.31938e-10
6.72	1.28662e-10
6.725	3.28513e-10
6.73	4.33355e-10
6.735	1.74511e-10
6.74	4.36884e-11
6.745	2.46762e-10
6.75	3.67528e-10
6.755	4.34571e-10
6.76	1.76756e-10
6.765	4.51632e-11
6.77	2.52262e-10
6.775	3.76045e-10
6.78	4.30239e-11
6.785	3.46587e-10
6.79	1.36096e-10
6.795	3.4665e-10
6.8	4.35802e-11
6.805	3.33569e-10
6.81	1.29147e-10
6.815	3.29845e-10
6.82	4.35011e-10
6.825	1.75005e-10
6.83	4.37777e-11
6.835	2.47314e-10
6.84	3.68423e-10
6.845	4.35588e-10
6.85	1.76995e-10
6.855	4.5206e-11
6.86	2.52515e-10
6.865	3.76504e-10
6.87	4.30428e-11
6.875	3.46872e-10
6.88	1.36146e-10
6.885	3.46776e-10
6.89	4.35686e-11
6.895	3.33572e-10
6.9	1.29126e-10
6.905	3.2973e-10
6.91	4.34888e-10
6.915	1.74852e-10
6.92	4.37332e-11
6.925	2.47052e-10
6.93	3.681e-10
6.935	4.35197e-10
6.94	1.76771e-10
6.945	4.51381e-11
6.95	2.52143e-10
6.955	3.75949e-10
6.96	4.29622e-11
6.965	3.46271e-10
6.97	1.3593e-10
6.975	3.461e-10
6.98	4.34658e-11
6.985	3.32861e-10
6.99	1.28875e-10
6.995	3.28999e-10
7	4.33933e-10
7.005	1.74427e-10
7.01	4.36107e-11
7.015	2.46412e-10
7.02	3.67141e-10
7.025	4.34121e-10
7.03	1.76311e-10
7.035	4.50102e-11
7.04	2.51431e-10
7.045	3.74882e-10
7.05	4.28328e-11
7.055	3.45218e-10
7.06	1.35517e-10
7.065	3.45014e-10
7.07	4.3321e-11
7.075	3.31762e-10
7.08	1.28458e-10
7.085	3.27899e-10
7.09	4.3255e-10
7.095	1.7386e-10
7.1	4.34591e-11
7.105	2.45567e-10
7.11	3.65915e-10
7.115	4.32648e-10
7.12	1.75705e-10
7.125	4.48477e-11
7.13	2.50529e-10
7.135	3.73564e-10
7.14	4.26796e-11
7.145	3.43969e-10
7.15	1.3498e-10
7.155	3.43743e-10
7.16	4.31612e-11
7.165	3.30507e-10
7.17	1.27925e-10
7.175	3.26641e-10
7.18	4.30919e-10
7.185	1.73186e-10
7.19	4.32917e-11
7.195	2.44594e-10
7.2	3.64499e-10
7.205	4.30955e-10
7.21	1.75021e-10
7.215	4.46697e-11
7.22	2.49504e-10
7.225	3.72094e-10
7.23	4.25078e-11
7.235	3.42593e-10
7.24	1.34376e-10
7.245	3.42353e-10
7.25	4.29822e-11
7.255	3.29162e-10
7.26	1.27325e-10
7.265	3.25264e-10
7.27	4.29124e-10
7.275	1.7245e-10
7.28	4.31067e-11
7.285	2.43543e-10
7.29	3.62965e-10
7.295	4.29125e-10
7.3	1.74267e-10
7.305	4.44676e-11
7.31	2.48413e-10
7.315	3.70524e-10
7.32	4.23169e-11
7.325	3.41139e-10
7.33	1.33745e-10
7.335	3.4086e-10
7.34	4.27869e-11
7.345	3.27709e-10
7.35	1.26711e-10
7.355	3.23803e-10
7.36	4.27169e-10
7.365	1.71638e-10
7.37	4.29022e-11
7.375	2.42394e-10
7.38	3.61318e-10
7.385	4.27096e-10
7.39	1.73453e-10
7.395	4.42538e-11
7.4	2.47229e-10
7.405	3.68813e-10
7.41	4.21071e-11
7.415	3.39548e-10
7.42	1.33062e-10
7.425	3.39241e-10
7.43	4.25744e-11
7.435	3.26124e-10
7.44	1.26059e-10
7.445	3.2226e-10
7.45	4.25076e-10
7.455	1.70788e-10
7.46	4.26802e-11
7.465	2.41195e-10
7.47	3.5953e-10
7.475	4.2499e-10
7.48	1.726e-10
7.485	4.403e-11
7.49	2.46012e-10
7.495	3.66952e-10
7.5	4.34071e-10
7.505	1.77472e-10
7.51	4.56485e-11
7.515	2.53877e-10
7.52	3.78842e-10
7.525	4.35593e-11
7.53	3.49871e-10
7.535	1.37635e-10
7.54	3.50632e-10
7.545	4.42799e-11
7.55	3.37944e-10
7.555	1.30993e-10
7.56	3.34727e-10
7.565	4.15355e-11
7.57	3.20152e-10
7.575	4.68389e-11
7.58	3.30274e-10
7.585	1.26807e-10
7.59	3.24683e-10
7.595	4.27993e-10
7.6	1.71024e-10
7.605	4.25603e-11
7.61	2.40999e-10
7.615	3.59201e-10
7.62	4.24524e-10
7.625	1.72015e-10
7.63	4.3754e-11
7.635	2.44771e-10
7.64	3.65064e-10
7.645	4.31753e-10
7.65	1.76085e-10
7.655	4.52154e-11
7.66	2.51623e-10
7.665	3.75511e-10
7.67	4.31306e-11
7.675	3.46388e-10
7.68	1.36078e-10
7.685	3.46829e-10
7.69	4.37097e-11
7.695	3.33868e-10
7.7	1.29291e-10
7.705	3.30395e-10
7.71	4.09699e-11
7.715	3.15737e-10
7.72	4.61657e-11
7.725	3.25463e-10
7.73	1.24896e-10
7.735	3.19641e-10
7.74	4.21358e-10
7.745	1.68276e-10
7.75	4.18698e-11
7.755	2.36994e-10
7.76	3.53219e-10
7.765	4.17412e-10
7.77	1.69036e-10
7.775	4.3006e-11
7.78	2.40427e-10
7.785	3.58579e-10
7.79	4.24091e-10
7.795	1.72873e-10
7.8	4.44171e-11
7.805	2.46915e-10
7.81	3.68535e-10
7.815	4.23464e-11
7.82	3.39862e-10
7.825	1.33558e-10
7.83	3.40098e-10
7.835	4.28983e-11
7.84	3.27369e-10
7.845	1.26845e-10
7.85	3.23829e-10
7.855	4.27197e-10
7.86	1.71865e-10
7.865	4.31193e-11
7.87	2.42836e-10
7.875	3.621e-10
7.88	4.28e-10
7.885	1.73952e-10
7.89	4.45647e-11
7.895	2.48095e-10
7.9	3.70154e-10
7.905	4.2437e-11
7.91	3.40929e-10
7.915	1.33923e-10
7.92	3.40857e-10
7.925	4.29484e-11
7.93	3.27833e-10
7.935	1.27021e-10
7.94	3.24131e-10
7.945	4.27592e-10
7.95	1.71906e-10
7.955	4.31164e-11
7.96	2.42747e-10
7.965	3.61963e-10
7.97	4.27952e-10
7.975	1.73803e-10
7.98	4.45305e-11
7.985	2.47781e-10
7.99	3.69679e-10
7.995	4.23847e-11
8	3.40389e-10
8.005	1.33732e-10
8.01	3.40258e-10
8.015	4.28739e-11
8.02	3.27195e-10
8.025	1.26778e-10
8.03	3.23457e-10
8.035	4.26754e-10
8.04	1.71512e-10
8.045	4.30302e-11
8.05	2.42165e-10
8.055	3.61097e-10
8.06	4.27032e-10
8.065	1.73357e-10
8.07	4.44332e-11
8.075	2.47097e-10
8.08	3.68794e-10
8.085	4.22828e-11
8.09	3.39547e-10
8.095	1.33362e-10
8.1	3.39342e-10
8.105	4.2758e-11
8.11	3.26291e-10
8.115	1.26422e-10
8.12	3.22538e-10
8.125	4.25641e-10
8.13	1.71032e-10
8.135	4.29116e-11
8.14	2.4147e-10
8.145	3.60121e-10
8.15	4.25924e-10
8.155	1.72855e-10
8.16	4.43071e-11
8.165	2.46409e-10
8.17	3.67803e-10
8.175	4.35329e-10
8.18	1.7784e-10
8.185	4.59698e-11
8.19	2.54413e-10
8.195	3.79947e-10
8.2	4.38773e-11
8.205	3.50907e-10
8.21	1.38295e-10
8.215	3.51762e-10
8.22	4.46055e-11
8.225	3.39098e-10
8.23	1.31713e-10
8.235	3.35941e-10
8.24	4.18569e-11
8.245	3.21397e-10
8.25	4.72442e-11
8.255	3.31581e-10
8.26	1.27605e-10
8.265	3.26158e-10
8.27	4.30128e-10
8.275	1.71975e-10
8.28	4.29565e-11
8.285	2.42282e-10
8.29	3.61229e-10
8.295	4.27037e-10
8.3	1.73063e-10
8.305	4.42153e-11
8.31	2.46263e-10
8.315	3.67399e-10
8.32	4.34631e-10
8.325	1.77297e-10
8.33	4.57302e-11
8.335	2.5334e-10
8.34	3.78138e-10
8.345	4.3624e-11
8.35	3.48851e-10
8.355	1.37253e-10
8.36	3.49492e-10
8.365	4.4205e-11
8.37	3.36455e-10
8.375	1.3047e-10
8.38	3.3319e-10
8.385	4.14535e-11
8.39	3.18433e-10
8.395	4.67485e-11
8.4	3.28401e-10
8.405	1.26144e-10
8.41	3.22701e-10
8.415	4.2544e-10
8.42	1.70034e-10
8.425	4.24455e-11
8.43	2.39499e-10
8.435	3.57041e-10
8.44	4.21926e-10
8.445	1.71005e-10
8.45	4.36527e-11
8.455	2.4329e-10
8.46	3.6287e-10
8.465	4.29136e-10
8.47	1.75104e-10
8.475	4.51379e-11
8.48	2.50164e-10
8.485	3.7331e-10
8.49	4.30546e-11
8.495	3.44383e-10
8.5	1.35404e-10
8.505	3.44902e-10
8.51	4.36304e-11
8.515	3.32094e-10
8.52	1.28679e-10
8.525	3.28747e-10
8.53	4.33646e-10
8.535	1.74604e-10
8.54	4.39264e-11
8.545	2.46804e-10
8.55	3.67974e-10
8.555	4.35062e-10
8.56	1.76977e-10
8.565	4.54552e-11
8.57	2.52461e-10
8.575	3.76635e-10
8.58	4.3317e-11
8.585	3.47055e-10
8.59	1.36289e-10
8.595	3.47224e-10
8.6	4.38672e-11
8.605	3.34076e-10
8.61	1.29394e-10
8.615	3.30505e-10
8.62	4.10979e-11
8.625	3.15773e-10
8.63	4.6335e-11
8.635	3.25447e-10
8.64	1.25012e-10
8.645	3.19874e-10
8.65	4.21649e-10
8.655	1.68465e-10
8.66	4.20622e-11
8.665	2.37247e-10
8.67	3.5355e-10
8.675	4.17878e-10
8.68	1.69324e-10
8.685	4.32575e-11
8.69	2.40843e-10
8.695	3.59195e-10
8.7	4.24838e-10
8.705	1.73283e-10
8.71	4.47172e-11
8.715	2.47515e-10
8.72	3.69387e-10
8.725	4.26544e-11
8.73	3.40661e-10
8.735	1.34007e-10
8.74	3.41174e-10
8.745	4.32121e-11
8.75	3.28382e-10
8.755	1.27372e-10
8.76	3.25175e-10
8.765	4.29044e-10
8.77	1.72695e-10
8.775	4.35066e-11
8.78	2.44119e-10
8.785	3.63897e-10
8.79	4.3033e-10
8.795	1.74999e-10
8.8	4.50185e-11
8.805	2.49672e-10
8.81	3.72452e-10
8.815	4.2911e-11
8.82	3.43151e-10
8.825	1.34896e-10
8.83	3.43468e-10
8.835	4.34571e-11
8.84	3.30385e-10
8.845	1.28088e-10
8.85	3.27023e-10
8.855	4.31404e-10
8.86	1.73612e-10
8.865	4.37116e-11
8.87	2.45318e-10
8.875	3.65636e-10
8.88	4.32392e-10
8.885	1.75795e-10
8.89	4.52108e-11
8.895	2.50757e-10
8.9	3.74067e-10
8.905	4.30892e-11
8.91	3.446e-10
8.915	1.35437e-10
8.92	3.44866e-10
8.925	4.36302e-11
8.93	3.31707e-10
8.935	1.28578e-10
8.94	3.28327e-10
8.945	4.33102e-10
8.95	1.74258e-10
8.955	4.38844e-11
8.96	2.46243e-10
8.965	3.67093e-10
8.97	4.34077e-10
8.975	1.76457e-10
8.98	4.53956e-11
8.985	2.51708e-10
8.99	3.75568e-10
8.995	4.32598e-11
9	3.45994e-10
9.005	1.35955e-10
9.01	3.46251e-10
9.015	4.38037e-11
9.02	3.33069e-10
9.025	1.2907e-10
9.03	3.29643e-10
9.035	4.34889e-10
9.04	1.7494e-10
9.045	4.40726e-11
9.05	2.47232e-10
9.055	3.68654e-10
9.06	4.18815e-11
9.065	3.37871e-10
9.07	1.3201e-10
9.075	3.36693e-10
9.08	4.22625e-11
9.085	3.22883e-10
9.09	4.76735e-11
9.095	3.3376e-10
9.1	1.28459e-10
9.105	3.28584e-10
9.11	4.33287e-10
9.115	1.73422e-10
9.12	4.34423e-11
9.125	2.44584e-10
9.13	3.64639e-10
9.135	4.31097e-10
9.14	1.74901e-10
9.145	4.47914e-11
9.15	2.49094e-10
9.155	3.71602e-10
9.16	4.25839e-11
9.165	3.41837e-10
9.17	1.33979e-10
9.175	3.41557e-10
9.18	4.30962e-11
9.185	3.2827e-10
9.19	1.26962e-10
9.195	3.24485e-10
9.2	4.28034e-10
9.205	1.72019e-10
9.21	4.32478e-11
9.215	2.42985e-10
9.22	3.62223e-10
9.225	4.28318e-10
9.23	1.74022e-10
9.235	4.46805e-11
9.24	2.48126e-10
9.245	3.70137e-10
9.25	4.25563e-11
9.255	3.40875e-10
9.26	1.33757e-10
9.265	3.40948e-10
9.27	4.31005e-11
9.275	3.27938e-10
9.28	1.26928e-10
9.285	3.24438e-10
9.29	4.27962e-10
9.295	1.72159e-10
9.3	4.33433e-11
9.305	2.43305e-10
9.31	3.62712e-10
9.315	4.28986e-10
9.32	1.74417e-10
9.325	4.48331e-11
9.33	2.48781e-10
9.335	3.71096e-10
9.34	4.27328e-11
9.345	3.41916e-10
9.35	1.34222e-10
9.355	3.42133e-10
9.36	4.33094e-11
9.365	3.29218e-10
9.37	1.27485e-10
9.375	3.25877e-10
9.38	4.29961e-10
9.385	1.73014e-10
9.39	4.36031e-11
9.395	2.44579e-10
9.4	3.64694e-10
9.405	4.31359e-10
9.41	1.75409e-10
9.415	4.51298e-11
9.42	2.50243e-10
9.425	3.73428e-10
9.43	4.30315e-11
9.435	3.44159e-10
9.44	1.35108e-10
9.445	3.44453e-10
9.45	4.36317e-11
9.455	3.31535e-10
9.46	1.28391e-10
9.465	3.28217e-10
9.47	4.33198e-10
9.475	1.74319e-10
9.48	4.39632e-11
9.485	2.46465e-10
9.49	3.67625e-10
9.495	4.34931e-10
9.5	1.76835e-10
9.505	4.55203e-11
9.51	2.52299e-10
9.515	3.76715e-10
9.52	4.34162e-11
9.525	3.47269e-10
9.53	1.36273e-10
9.535	3.47546e-10
9.54	4.40276e-11
9.545	3.34589e-10
9.55	1.29549e-10
9.555	3.31246e-10
9.56	4.13214e-11
9.565	3.16744e-10
9.57	4.66198e-11
9.575	3.26821e-10
9.58	1.2546e-10
9.585	3.21435e-10
9.59	4.2405e-10
9.595	1.69466e-10
9.6	4.24592e-11
9.605	2.38885e-10
9.61	3.56336e-10
9.615	4.21446e-10
9.62	1.70799e-10
9.625	4.37659e-11
9.63	2.43154e-10
9.635	3.63034e-10
9.64	4.29662e-10
9.645	1.75266e-10
9.65	4.53369e-11
9.655	2.50544e-10
9.66	3.74351e-10
9.665	4.33105e-11
9.67	3.45617e-10
9.675	1.35772e-10
9.68	3.46427e-10
9.685	4.39737e-11
9.69	3.3382e-10
9.695	1.29318e-10
9.7	3.30848e-10
9.705	4.13363e-11
9.71	3.16586e-10
9.715	4.6658e-11
9.72	3.26932e-10
9.725	1.25542e-10
9.73	3.21699e-10
9.735	4.24574e-10
9.74	1.69648e-10
9.745	4.25419e-11
9.75	2.3934e-10
9.755	3.57297e-10
9.76	4.22615e-10
9.765	1.71239e-10
9.77	4.39011e-11
9.775	2.43946e-10
9.78	3.64465e-10
9.785	4.31355e-10
9.79	1.75934e-10
9.795	4.55169e-11
9.8	2.51646e-10
9.805	3.76196e-10
9.81	4.34988e-11
9.815	3.47414e-10
9.82	1.36508e-10
9.825	3.48307e-10
9.83	4.41916e-11
9.835	3.35764e-10
9.84	1.30116e-10
9.845	3.32852e-10
9.85	4.15631e-11
9.855	3.18647e-10
9.86	4.69317e-11
9.865	3.29143e-10
9.87	1.26448e-10
9.875	3.24019e-10
9.88	4.27493e-10
9.885	1.70877e-10
9.89	4.28385e-11
9.895	2.41139e-10
9.9	3.59954e-10
9.905	4.25674e-10
9.91	1.72566e-10
9.915	4.42358e-11
9.92	2.45905e-10
9.925	3.67343e-10
9.93	4.34741e-10
9.935	1.77383e-10
9.94	4.58913e-11
9.945	2.53793e-10
9.95	3.79339e-10
9.955	4.38736e-11
9.96	3.50413e-10
9.965	1.3776e-10
9.97	3.51497e-10
9.975	4.45868e-11
9.98	3.38881e-10
9.985	1.31373e-10
9.99	3.36039e-10
9.995	4.19543e-11
10	3.21725e-10
