0.005	-1.08272e-13
0.01	4.9685e-13
0.015	-2.67364e-12
0.02	-4.37408e-12
0.025	-1.52532e-12
0.03	-2.38116e-12
0.035	-1.06424e-12
0.04	-1.53569e-12
0.045	-2.08647e-12
0.05	-4.22019e-12
0.055	-3.67897e-12
0.06	-9.24825e-12
0.065	-4.45362e-12
0.07	-5.80563e-12
0.075	-7.49711e-12
0.08	-6.06247e-12
0.085	-3.28679e-12
0.09	-6.41224e-12
0.095	-2.29575e-12
0.1	-5.00448e-12
0.105	-5.30925e-12
0.11	-4.46606e-12
0.115	1.58027e-12
0.12	-3.07241e-12
0.125	-1.03478e-11
0.13	-8.92472e-13
0.135	7.24447e-14
0.14	1.22923e-12
0.145	5.7878e-13
0.15	-4.56877e-11
0.155	4.38289e-11
0.16	-5.30402e-13
0.165	-7.01053e-12
0.17	-3.88045e-12
0.175	-4.27238e-11
0.18	3.89602e-11
0.185	9.1705e-11
0.19	1.18174e-11
0.195	-1.6921e-11
0.2	2.45685e-11
0.205	5.58363e-11
0.21	1.02197e-10
0.215	1.02453e-10
0.22	7.74083e-11
0.225	4.74114e-11
0.23	4.93325e-11
0.235	2.08121e-11
0.24	1.41496e-11
0.245	-6.07175e-12
0.25	1.66627e-12
0.255	1.92008e-11
0.26	5.02628e-11
0.265	1.64111e-11
0.27	5.24391e-11
0.275	3.81546e-11
0.28	5.83918e-11
0.285	2.70299e-11
0.29	5.2221e-11
0.295	1.98309e-11
0.3	-9.15003e-12
0.305	2.34851e-11
0.31	3.94835e-11
0.315	3.60397e-11
0.32	2.75211e-11
0.325	1.25188e-11
0.33	-1.93388e-12
0.335	-1.5669e-11
0.34	-2.72928e-11
0.345	-1.475e-11
0.35	-2.18677e-11
0.355	-2.14177e-11
0.36	-2.21542e-11
0.365	-2.28209e-11
0.37	-2.17676e-11
0.375	-1.61928e-11
0.38	-7.04185e-12
0.385	5.74941e-12
0.39	1.86168e-11
0.395	3.11826e-11
0.4	4.2387e-11
0.405	5.27694e-11
0.41	6.17992e-11
0.415	6.79391e-11
0.42	7.0402e-11
0.425	6.26995e-11
0.43	4.25052e-11
0.435	2.3301e-11
0.44	5.43581e-12
0.445	-9.84019e-12
0.45	-2.20508e-11
0.455	-3.24124e-11
0.46	-4.21078e-11
0.465	-4.57056e-11
0.47	-4.86202e-11
0.475	-5.13205e-11
0.48	-5.33824e-11
0.485	-5.46034e-11
0.49	-5.48731e-11
0.495	-5.44152e-11
0.5	-5.37476e-11
0.505	-5.28009e-11
0.51	-5.15798e-11
0.515	-5.0218e-11
0.52	-4.86281e-11
0.525	-4.68814e-11
0.53	-4.49747e-11
0.535	-4.28741e-11
0.54	-4.05588e-11
0.545	-3.80109e-11
0.55	-3.52139e-11
0.555	-3.23183e-11
0.56	-2.91576e-11
0.565	-2.59556e-11
0.57	-2.24747e-11
0.575	-1.87407e-11
0.58	-1.49253e-11
0.585	-1.08786e-11
0.59	-6.82528e-12
0.595	-2.58504e-12
0.6	1.80191e-12
0.605	6.1879e-12
0.61	1.06628e-11
0.615	1.50839e-11
0.62	1.95261e-11
0.625	2.39508e-11
0.63	2.82842e-11
0.635	3.25388e-11
0.64	3.66866e-11
0.645	4.06968e-11
0.65	4.45444e-11
0.655	4.81992e-11
0.66	5.16437e-11
0.665	5.48595e-11
0.67	5.79081e-11
0.675	6.07023e-11
0.68	6.33577e-11
0.685	6.5733e-11
0.69	6.79358e-11
0.695	7.00032e-11
0.7	7.17829e-11
0.705	7.33952e-11
0.71	7.48814e-11
0.715	7.62029e-11
0.72	7.7405e-11
0.725	7.83452e-11
0.73	7.92924e-11
0.735	8.00003e-11
0.74	8.07196e-11
0.745	8.12315e-11
0.75	8.1758e-11
0.755	8.21142e-11
0.76	8.24019e-11
0.765	8.26445e-11
0.77	8.28998e-11
0.775	8.31631e-11
0.78	8.33585e-11
0.785	8.35415e-11
0.79	8.37182e-11
0.795	8.3902e-11
0.8	8.41067e-11
0.805	8.43152e-11
0.81	8.45839e-11
0.815	8.48997e-11
0.82	8.52473e-11
0.825	8.55886e-11
0.83	8.60556e-11
0.835	8.65948e-11
0.84	8.71804e-11
0.845	8.77481e-11
0.85	8.8481e-11
0.855	8.9295e-11
0.86	9.01586e-11
0.865	9.09929e-11
0.87	9.19993e-11
0.875	9.30788e-11
0.88	9.41993e-11
0.885	9.53876e-11
0.89	9.66106e-11
0.895	9.79614e-11
0.9	9.92625e-11
0.905	1.00667e-10
0.91	1.02094e-10
0.915	1.03525e-10
0.92	1.04964e-10
0.925	1.06396e-10
0.93	1.07852e-10
0.935	1.09262e-10
0.94	1.10664e-10
0.945	1.12031e-10
0.95	1.13363e-10
0.955	1.14659e-10
0.96	1.15891e-10
0.965	1.17065e-10
0.97	1.18189e-10
0.975	1.19244e-10
0.98	1.20243e-10
0.985	1.21129e-10
0.99	1.22001e-10
0.995	1.22744e-10
1	1.23477e-10
1.005	1.24073e-10
1.01	1.24587e-10
1.015	1.2504e-10
1.02	1.25491e-10
1.025	1.25787e-10
1.03	1.25999e-10
1.035	1.2615e-10
1.04	1.26307e-10
1.045	1.26302e-10
1.05	1.26212e-10
1.055	1.26065e-10
1.06	1.25932e-10
1.065	1.25633e-10
1.07	1.25253e-10
1.075	1.24818e-10
1.08	1.24406e-10
1.085	1.23829e-10
1.09	1.23176e-10
1.095	1.22474e-10
1.1	1.21801e-10
1.105	1.20969e-10
1.11	1.20069e-10
1.115	1.19126e-10
1.12	1.18219e-10
1.125	1.17164e-10
1.13	1.16049e-10
1.135	1.14902e-10
1.14	1.13794e-10
1.145	1.12627e-10
1.15	1.11428e-10
1.155	1.10112e-10
1.16	1.08841e-10
1.165	1.07463e-10
1.17	1.06131e-10
1.175	1.04704e-10
1.18	1.0325e-10
1.185	1.01788e-10
1.19	1.00371e-10
1.195	9.89932e-11
1.2	9.75462e-11
1.205	9.60864e-11
1.21	9.46286e-11
1.215	9.32119e-11
1.22	9.17512e-11
1.225	9.03324e-11
1.23	8.88809e-11
1.235	8.74341e-11
1.24	8.60011e-11
1.245	8.46063e-11
1.25	8.32472e-11
1.255	8.18772e-11
1.26	8.05209e-11
1.265	7.91836e-11
1.27	7.78803e-11
1.275	7.65934e-11
1.28	7.53273e-11
1.285	7.40713e-11
1.29	7.28465e-11
1.295	7.16362e-11
1.3	7.04553e-11
1.305	6.92923e-11
1.31	6.81571e-11
1.315	6.70428e-11
1.32	6.59547e-11
1.325	6.48901e-11
1.33	6.38501e-11
1.335	6.28358e-11
1.34	6.18469e-11
1.345	6.08825e-11
1.35	5.99396e-11
1.355	5.90176e-11
1.36	5.81267e-11
1.365	5.72621e-11
1.37	5.64221e-11
1.375	5.56002e-11
1.38	5.48057e-11
1.385	5.40361e-11
1.39	5.33031e-11
1.395	5.2585e-11
1.4	5.19054e-11
1.405	5.12391e-11
1.41	5.0613e-11
1.415	4.99988e-11
1.42	4.94263e-11
1.425	4.88642e-11
1.43	4.83449e-11
1.435	4.78346e-11
1.44	4.73681e-11
1.445	4.6909e-11
1.45	4.6494e-11
1.455	4.61058e-11
1.46	4.57387e-11
1.465	4.5377e-11
1.47	4.50213e-11
1.475	4.47097e-11
1.48	4.44234e-11
1.485	4.41562e-11
1.49	4.38921e-11
1.495	4.36525e-11
1.5	4.3431e-11
1.505	4.32473e-11
1.51	4.30638e-11
1.515	4.29004e-11
1.52	4.27515e-11
1.525	4.26339e-11
1.53	4.25151e-11
1.535	4.24116e-11
1.54	4.23189e-11
1.545	4.22495e-11
1.55	4.21784e-11
1.555	4.21067e-11
1.56	4.20528e-11
1.565	4.20064e-11
1.57	4.19651e-11
1.575	4.19227e-11
1.58	4.1885e-11
1.585	4.18504e-11
1.59	4.18212e-11
1.595	4.17912e-11
1.6	4.17614e-11
1.605	4.17317e-11
1.61	4.17005e-11
1.615	4.16691e-11
1.62	4.16346e-11
1.625	4.15981e-11
1.63	4.15571e-11
1.635	4.15131e-11
1.64	4.14592e-11
1.645	4.14069e-11
1.65	4.13558e-11
1.655	4.12913e-11
1.66	4.12197e-11
1.665	4.11436e-11
1.67	4.10699e-11
1.675	4.09981e-11
1.68	4.09089e-11
1.685	4.08111e-11
1.69	4.07081e-11
1.695	4.06084e-11
1.7	4.0499e-11
1.705	4.03838e-11
1.71	4.02494e-11
1.715	4.01199e-11
1.72	3.9981e-11
1.725	3.98367e-11
1.73	3.96731e-11
1.735	3.95152e-11
1.74	3.93485e-11
1.745	3.91768e-11
1.75	3.89965e-11
1.755	3.88117e-11
1.76	3.86086e-11
1.765	3.84122e-11
1.77	3.82217e-11
1.775	3.80124e-11
1.78	3.77963e-11
1.785	3.75769e-11
1.79	3.73641e-11
1.795	3.71571e-11
1.8	3.69323e-11
1.805	3.67015e-11
1.81	3.64678e-11
1.815	3.6241e-11
1.82	3.60076e-11
1.825	3.57714e-11
1.83	3.55204e-11
1.835	3.5277e-11
1.84	3.50282e-11
1.845	3.47777e-11
1.85	3.4514e-11
1.855	3.42581e-11
1.86	3.40091e-11
1.865	3.37471e-11
1.87	3.3482e-11
1.875	3.32164e-11
1.88	3.29581e-11
1.885	3.27064e-11
1.89	3.24434e-11
1.895	3.21781e-11
1.9	3.19128e-11
1.905	3.16547e-11
1.91	3.1394e-11
1.915	3.11335e-11
1.92	3.08646e-11
1.925	3.06032e-11
1.93	3.03402e-11
1.935	3.00782e-11
1.94	2.98094e-11
1.945	2.9548e-11
1.95	2.92858e-11
1.955	2.90251e-11
1.96	2.87642e-11
1.965	2.85049e-11
1.97	2.82408e-11
1.975	2.79838e-11
1.98	2.77332e-11
1.985	2.74782e-11
1.99	2.72238e-11
1.995	2.69717e-11
2	2.6726e-11
2.005	2.64863e-11
2.01	2.6243e-11
2.015	2.60006e-11
2.02	2.57606e-11
2.025	2.55266e-11
2.03	2.52981e-11
2.035	2.50668e-11
2.04	2.48364e-11
2.045	2.46083e-11
2.05	2.43859e-11
2.055	2.41688e-11
2.06	2.3949e-11
2.065	2.37301e-11
2.07	2.35135e-11
2.075	2.33021e-11
2.08	2.30914e-11
2.085	2.28825e-11
2.09	2.2671e-11
2.095	2.24649e-11
2.1	2.22594e-11
2.105	2.20556e-11
2.11	2.18488e-11
2.115	2.16474e-11
2.12	2.14462e-11
2.125	2.12466e-11
2.13	2.1047e-11
2.135	2.08489e-11
2.14	2.06474e-11
2.145	2.0451e-11
2.15	2.02594e-11
2.155	2.00634e-11
2.16	1.98674e-11
2.165	1.96726e-11
2.17	1.94826e-11
2.175	1.92971e-11
2.18	1.91066e-11
2.185	1.89156e-11
2.19	1.87255e-11
2.195	1.85401e-11
2.2	1.83592e-11
2.205	1.81727e-11
2.21	1.79856e-11
2.215	1.77992e-11
2.22	1.76175e-11
2.225	1.74345e-11
2.23	1.7252e-11
2.235	1.70645e-11
2.24	1.6882e-11
2.245	1.66984e-11
2.25	1.65156e-11
2.255	1.63281e-11
2.26	1.61456e-11
2.265	1.59676e-11
2.27	1.57847e-11
2.275	1.56017e-11
2.28	1.54196e-11
2.285	1.52422e-11
2.29	1.50691e-11
2.295	1.48917e-11
2.3	1.47144e-11
2.305	1.45382e-11
2.31	1.43665e-11
2.315	1.41945e-11
2.32	1.40238e-11
2.325	1.38503e-11
2.33	1.36813e-11
2.335	1.35126e-11
2.34	1.33454e-11
2.345	1.31764e-11
2.35	1.30118e-11
2.355	1.28511e-11
2.36	1.26888e-11
2.365	1.25278e-11
2.37	1.23687e-11
2.375	1.22135e-11
2.38	1.2062e-11
2.385	1.19098e-11
2.39	1.17593e-11
2.395	1.16109e-11
2.4	1.1466e-11
2.405	1.13227e-11
2.41	1.11815e-11
2.415	1.10411e-11
2.42	1.09041e-11
2.425	1.07689e-11
2.43	1.0636e-11
2.435	1.05045e-11
2.44	1.03761e-11
2.445	1.02506e-11
2.45	1.01267e-11
2.455	1.00051e-11
2.46	9.88583e-12
2.465	9.76931e-12
2.47	9.65543e-12
2.475	9.54349e-12
2.48	9.43402e-12
2.485	9.32689e-12
2.49	9.22213e-12
2.495	9.1197e-12
2.5	9.01953e-12
2.505	8.92183e-12
2.51	8.82638e-12
2.515	8.733e-12
2.52	8.64181e-12
2.525	8.55287e-12
2.53	8.46655e-12
2.535	8.38202e-12
2.54	8.29956e-12
2.545	8.2192e-12
2.55	8.14138e-12
2.555	8.06512e-12
2.56	7.99078e-12
2.565	7.91835e-12
2.57	7.84793e-12
2.575	7.77923e-12
2.58	7.71253e-12
2.585	7.64727e-12
2.59	7.58338e-12
2.595	7.52143e-12
2.6	7.46086e-12
2.605	7.40179e-12
2.61	7.34397e-12
2.615	7.28737e-12
2.62	7.2323e-12
2.625	7.17831e-12
2.63	7.12557e-12
2.635	7.07396e-12
2.64	7.02344e-12
2.645	6.97399e-12
2.65	6.92533e-12
2.655	6.87767e-12
2.66	6.83105e-12
2.665	6.78527e-12
2.67	6.74027e-12
2.675	6.69561e-12
2.68	6.65201e-12
2.685	6.60902e-12
2.69	6.56664e-12
2.695	6.52426e-12
2.7	6.48291e-12
2.705	6.44249e-12
2.71	6.40196e-12
2.715	6.36155e-12
2.72	6.3216e-12
2.725	6.2826e-12
2.73	6.24447e-12
2.735	6.20583e-12
2.74	6.16708e-12
2.745	6.12864e-12
2.75	6.09114e-12
2.755	6.0545e-12
2.76	6.01699e-12
2.765	5.97917e-12
2.77	5.94153e-12
2.775	5.90483e-12
2.78	5.86791e-12
2.785	5.83098e-12
2.79	5.7927e-12
2.795	5.75551e-12
2.8	5.71802e-12
2.805	5.68049e-12
2.81	5.64147e-12
2.815	5.60356e-12
2.82	5.56531e-12
2.825	5.52697e-12
2.83	5.48807e-12
2.835	5.44917e-12
2.84	5.40887e-12
2.845	5.36962e-12
2.85	5.33135e-12
2.855	5.29131e-12
2.86	5.25099e-12
2.865	5.21061e-12
2.87	5.17126e-12
2.875	5.13289e-12
2.88	5.09264e-12
2.885	5.05207e-12
2.89	5.01142e-12
2.895	4.97181e-12
2.9	4.93318e-12
2.905	4.89266e-12
2.91	4.85184e-12
2.915	4.81094e-12
2.92	4.77108e-12
2.925	4.7306e-12
2.93	4.69008e-12
2.935	4.64809e-12
2.94	4.60719e-12
2.945	4.56575e-12
2.95	4.52435e-12
2.955	4.48159e-12
2.96	4.43996e-12
2.965	4.39937e-12
2.97	4.35721e-12
2.975	4.31494e-12
2.98	4.27274e-12
2.985	4.23162e-12
2.99	4.19153e-12
2.995	4.14996e-12
3	4.10835e-12
3.005	4.06684e-12
3.01	4.02638e-12
3.015	3.98557e-12
3.02	3.94495e-12
3.025	3.90337e-12
3.03	3.86284e-12
3.035	3.82208e-12
3.04	3.78156e-12
3.045	3.74025e-12
3.05	3.69997e-12
3.055	3.66069e-12
3.06	3.62044e-12
3.065	3.58037e-12
3.07	3.54057e-12
3.075	3.50175e-12
3.08	3.46387e-12
3.085	3.42515e-12
3.09	3.38669e-12
3.095	3.3485e-12
3.1	3.31124e-12
3.105	3.27488e-12
3.11	3.23782e-12
3.115	3.20108e-12
3.12	3.16464e-12
3.125	3.12908e-12
3.13	3.09354e-12
3.135	3.05839e-12
3.14	3.02301e-12
3.145	2.98845e-12
3.15	2.95396e-12
3.155	2.91989e-12
3.16	2.88569e-12
3.165	2.85229e-12
3.17	2.819e-12
3.175	2.78614e-12
3.18	2.75362e-12
3.185	2.72144e-12
3.19	2.68899e-12
3.195	2.65742e-12
3.2	2.62662e-12
3.205	2.59574e-12
3.21	2.56497e-12
3.215	2.53463e-12
3.22	2.50504e-12
3.225	2.47616e-12
3.23	2.44724e-12
3.235	2.41843e-12
3.24	2.39002e-12
3.245	2.36233e-12
3.25	2.33529e-12
3.255	2.30825e-12
3.26	2.2813e-12
3.265	2.25474e-12
3.27	2.22885e-12
3.275	2.20327e-12
3.28	2.17798e-12
3.285	2.15253e-12
3.29	2.12778e-12
3.295	2.10336e-12
3.3	2.07922e-12
3.305	2.05494e-12
3.31	2.03134e-12
3.315	2.0083e-12
3.32	1.98532e-12
3.325	1.96241e-12
3.33	1.93986e-12
3.335	1.91786e-12
3.34	1.89638e-12
3.345	1.87497e-12
3.35	1.8536e-12
3.355	1.83256e-12
3.36	1.81205e-12
3.365	1.79202e-12
3.37	1.77205e-12
3.375	1.75209e-12
3.38	1.73243e-12
3.385	1.71327e-12
3.39	1.69437e-12
3.395	1.67565e-12
3.4	1.65677e-12
3.405	1.63843e-12
3.41	1.62035e-12
3.415	1.60246e-12
3.42	1.5844e-12
3.425	1.56686e-12
3.43	1.54957e-12
3.435	1.53246e-12
3.44	1.51538e-12
3.445	1.49858e-12
3.45	1.48189e-12
3.455	1.46554e-12
3.46	1.44955e-12
3.465	1.43344e-12
3.47	1.41765e-12
3.475	1.40204e-12
3.48	1.38678e-12
3.485	1.37186e-12
3.49	1.3568e-12
3.495	1.34206e-12
3.5	1.32748e-12
3.505	1.31321e-12
3.51	1.29927e-12
3.515	1.28519e-12
3.52	1.27144e-12
3.525	1.25784e-12
3.53	1.24453e-12
3.535	1.23124e-12
3.54	1.21818e-12
3.545	1.20528e-12
3.55	1.1926e-12
3.555	1.17994e-12
3.56	1.16751e-12
3.565	1.15524e-12
3.57	1.14318e-12
3.575	1.13139e-12
3.58	1.11951e-12
3.585	1.10794e-12
3.59	1.09651e-12
3.595	1.08532e-12
3.6	1.07438e-12
3.605	1.06334e-12
3.61	1.05262e-12
3.615	1.04201e-12
3.62	1.03162e-12
3.625	1.02124e-12
3.63	1.01108e-12
3.635	1.00109e-12
3.64	9.91247e-13
3.645	9.81414e-13
3.65	9.71783e-13
3.655	9.62319e-13
3.66	9.53002e-13
3.665	9.4388e-13
3.67	9.34681e-13
3.675	9.25768e-13
3.68	9.16954e-13
3.685	9.08314e-13
3.69	8.99865e-13
3.695	8.91317e-13
3.7	8.83048e-13
3.705	8.7486e-13
3.71	8.66828e-13
3.715	8.58971e-13
3.72	8.51004e-13
3.725	8.43319e-13
3.73	8.35704e-13
3.735	8.28233e-13
3.74	8.20728e-13
3.745	8.13387e-13
3.75	8.06198e-13
3.755	7.9909e-13
3.76	7.91935e-13
3.765	7.84934e-13
3.77	7.78069e-13
3.775	7.71286e-13
3.78	7.64454e-13
3.785	7.57763e-13
3.79	7.51253e-13
3.795	7.44762e-13
3.8	7.38103e-13
3.805	7.31683e-13
3.81	7.25429e-13
3.815	7.19213e-13
3.82	7.12851e-13
3.825	7.06594e-13
3.83	7.00519e-13
3.835	6.94591e-13
3.84	6.8869e-13
3.845	6.82623e-13
3.85	6.76652e-13
3.855	6.70858e-13
3.86	6.65205e-13
3.865	6.59563e-13
3.87	6.5373e-13
3.875	6.47985e-13
3.88	6.42415e-13
3.885	6.36946e-13
3.89	6.31448e-13
3.895	6.25694e-13
3.9	6.20178e-13
3.905	6.14767e-13
3.91	6.0933e-13
3.915	6.03644e-13
3.92	5.98188e-13
3.925	5.92886e-13
3.93	5.87567e-13
3.935	5.82058e-13
3.94	5.76625e-13
3.945	5.71359e-13
3.95	5.66226e-13
3.955	5.61084e-13
3.96	5.55742e-13
3.965	5.50476e-13
3.97	5.45378e-13
3.975	5.40368e-13
3.98	5.35317e-13
3.985	5.29996e-13
3.99	5.24904e-13
3.995	5.19909e-13
4	5.14877e-13
4.005	5.09582e-13
4.01	5.04512e-13
4.015	4.99586e-13
4.02	4.94632e-13
4.025	4.89478e-13
4.03	4.84391e-13
4.035	4.79465e-13
4.04	4.74666e-13
4.045	4.69852e-13
4.05	4.64833e-13
4.055	4.59886e-13
4.06	4.551e-13
4.065	4.50405e-13
4.07	4.45668e-13
4.075	4.40673e-13
4.08	4.35902e-13
4.085	4.31236e-13
4.09	4.26539e-13
4.095	4.21603e-13
4.1	4.16883e-13
4.105	4.12299e-13
4.11	4.07723e-13
4.115	4.02961e-13
4.12	3.98276e-13
4.125	3.93741e-13
4.13	3.89323e-13
4.135	3.84936e-13
4.14	3.80361e-13
4.145	3.75871e-13
4.15	3.71528e-13
4.155	3.67299e-13
4.16	3.63041e-13
4.165	3.58571e-13
4.17	3.5431e-13
4.175	3.50177e-13
4.18	3.46022e-13
4.185	3.41678e-13
4.19	3.37531e-13
4.195	3.33504e-13
4.2	3.29537e-13
4.205	3.25402e-13
4.21	3.21353e-13
4.215	3.17437e-13
4.22	3.13619e-13
4.225	3.09885e-13
4.23	3.05978e-13
4.235	3.02164e-13
4.24	2.98477e-13
4.245	2.94923e-13
4.25	2.91345e-13
4.255	2.87595e-13
4.26	2.84031e-13
4.265	2.80609e-13
4.27	2.77167e-13
4.275	2.73564e-13
4.28	2.70137e-13
4.285	2.66811e-13
4.29	2.63571e-13
4.295	2.60164e-13
4.3	2.5684e-13
4.305	2.5363e-13
4.31	2.50501e-13
4.315	2.47474e-13
4.32	2.44274e-13
4.325	2.41164e-13
4.33	2.38163e-13
4.335	2.35241e-13
4.34	2.32434e-13
4.345	2.29442e-13
4.35	2.26538e-13
4.355	2.2374e-13
4.36	2.21087e-13
4.365	2.18406e-13
4.37	2.15574e-13
4.375	2.12908e-13
4.38	2.10398e-13
4.385	2.07864e-13
4.39	2.05189e-13
4.395	2.02668e-13
4.4	2.00293e-13
4.405	1.97894e-13
4.41	1.95387e-13
4.415	1.92984e-13
4.42	1.90743e-13
4.425	1.88472e-13
4.43	1.86234e-13
4.435	1.83904e-13
4.44	1.81799e-13
4.445	1.79685e-13
4.45	1.77585e-13
4.455	1.75526e-13
4.46	1.73353e-13
4.465	1.71407e-13
4.47	1.69445e-13
4.475	1.67494e-13
4.48	1.65579e-13
4.485	1.63548e-13
4.49	1.61757e-13
4.495	1.59947e-13
4.5	1.58141e-13
4.505	1.56239e-13
4.51	1.54435e-13
4.515	1.52806e-13
4.52	1.51115e-13
4.525	1.49324e-13
4.53	1.47626e-13
4.535	1.46092e-13
4.54	1.44503e-13
4.545	1.42819e-13
4.55	1.41222e-13
4.555	1.39785e-13
4.56	1.38305e-13
4.565	1.36684e-13
4.57	1.35184e-13
4.575	1.33737e-13
4.58	1.32395e-13
4.585	1.3087e-13
4.59	1.29412e-13
4.595	1.28022e-13
4.6	1.26671e-13
4.605	1.25441e-13
4.61	1.24023e-13
4.615	1.22672e-13
4.62	1.21388e-13
4.625	1.2014e-13
4.63	1.19014e-13
4.635	1.17683e-13
4.64	1.16418e-13
4.645	1.15221e-13
4.65	1.1415e-13
4.655	1.13024e-13
4.66	1.11729e-13
4.665	1.10566e-13
4.67	1.09532e-13
4.675	1.08445e-13
4.68	1.072e-13
4.685	1.06077e-13
4.69	1.05002e-13
4.695	1.04033e-13
4.7	1.02869e-13
4.705	1.01764e-13
4.71	1.0072e-13
4.715	9.97076e-14
4.72	9.88171e-14
4.725	9.77246e-14
4.73	9.66961e-14
4.735	9.57299e-14
4.74	9.48882e-14
4.745	9.39868e-14
4.75	9.29165e-14
4.755	9.19715e-14
4.76	9.11559e-14
4.765	9.02831e-14
4.77	8.92477e-14
4.775	8.833e-14
4.78	8.74562e-14
4.785	8.66826e-14
4.79	8.57048e-14
4.795	8.47808e-14
4.8	8.39145e-14
4.805	8.30758e-14
4.81	8.23494e-14
4.815	8.14109e-14
4.82	8.05308e-14
4.825	7.97105e-14
4.83	7.90081e-14
4.835	7.82396e-14
4.84	7.72919e-14
4.845	7.64685e-14
4.85	7.57708e-14
4.855	7.5011e-14
4.86	7.40819e-14
4.865	7.32696e-14
4.87	7.24997e-14
4.875	7.18294e-14
4.88	7.09535e-14
4.885	7.0132e-14
4.89	6.93665e-14
4.895	6.8627e-14
4.9	6.80094e-14
4.905	6.71833e-14
4.91	6.64196e-14
4.915	6.57131e-14
4.92	6.51339e-14
4.925	6.44928e-14
4.93	6.36895e-14
4.935	6.30064e-14
4.94	6.24592e-14
4.945	6.18538e-14
4.95	6.10955e-14
4.955	6.04486e-14
4.96	5.98392e-14
4.965	5.93441e-14
4.97	5.86451e-14
4.975	5.80012e-14
4.98	5.74081e-14
4.985	5.69335e-14
4.99	5.63982e-14
4.995	5.57092e-14
5	5.51346e-14
5.005	5.46865e-14
5.01	5.41779e-14
5.015	5.35226e-14
5.02	5.29417e-14
5.025	5.25073e-14
5.03	5.19935e-14
5.035	5.14719e-14
5.04	5.0828e-14
5.045	5.03896e-14
5.05	4.99049e-14
5.055	4.93967e-14
5.06	4.88927e-14
5.065	4.82403e-14
5.07	4.7795e-14
5.075	4.72984e-14
5.08	4.67778e-14
5.085	4.61354e-14
5.09	4.55657e-14
5.095	4.51436e-14
5.1	4.46316e-14
5.105	4.39931e-14
5.11	4.34256e-14
5.115	4.30036e-14
5.12	4.25005e-14
5.125	4.19889e-14
5.13	4.13615e-14
5.135	4.09433e-14
5.14	4.04838e-14
5.145	4.00009e-14
5.15	3.9522e-14
5.155	3.89136e-14
5.16	3.85219e-14
5.165	3.80839e-14
5.17	3.76192e-14
5.175	3.71572e-14
5.18	3.6562e-14
5.185	3.61991e-14
5.19	3.57901e-14
5.195	3.53524e-14
5.2	3.47935e-14
5.205	3.43119e-14
5.21	3.39995e-14
5.215	3.35878e-14
5.22	3.30486e-14
5.225	3.25836e-14
5.23	3.22781e-14
5.235	3.1883e-14
5.24	3.13697e-14
5.245	3.09272e-14
5.25	3.06356e-14
5.255	3.02756e-14
5.26	2.97584e-14
5.265	2.93414e-14
5.27	2.89548e-14
5.275	2.86738e-14
5.28	2.81889e-14
5.285	2.77585e-14
5.29	2.73752e-14
5.295	2.70091e-14
5.3	2.67722e-14
5.305	2.63266e-14
5.31	2.59378e-14
5.315	2.5595e-14
5.32	2.52678e-14
5.325	2.50711e-14
5.33	2.46492e-14
5.335	2.42844e-14
5.34	2.39682e-14
5.345	2.37786e-14
5.35	2.35172e-14
5.355	2.30818e-14
5.36	2.27602e-14
5.365	2.2571e-14
5.37	2.23144e-14
5.375	2.18975e-14
5.38	2.15861e-14
5.385	2.14011e-14
5.39	2.11533e-14
5.395	2.07635e-14
5.4	2.0449e-14
5.405	2.02938e-14
5.41	2.00523e-14
5.415	1.97975e-14
5.42	1.94379e-14
5.425	1.92869e-14
5.43	1.90891e-14
5.435	1.886e-14
5.44	1.86279e-14
5.445	1.82615e-14
5.45	1.81048e-14
5.455	1.78967e-14
5.46	1.76579e-14
5.465	1.74174e-14
5.47	1.7038e-14
5.475	1.6885e-14
5.48	1.66807e-14
5.485	1.64433e-14
5.49	1.60836e-14
5.495	1.58014e-14
5.5	1.56955e-14
5.505	1.54863e-14
5.51	1.51571e-14
5.515	1.49031e-14
5.52	1.48194e-14
5.525	1.46391e-14
5.53	1.44412e-14
5.535	1.41338e-14
5.54	1.40463e-14
5.545	1.39144e-14
5.55	1.37495e-14
5.555	1.35804e-14
5.56	1.32831e-14
5.565	1.32098e-14
5.57	1.30846e-14
5.575	1.29239e-14
5.58	1.2642e-14
5.585	1.24372e-14
5.59	1.2406e-14
5.595	1.22692e-14
5.6	1.20061e-14
5.605	1.18153e-14
5.61	1.17878e-14
5.615	1.16623e-14
5.62	1.14207e-14
5.625	1.12482e-14
5.63	1.1227e-14
5.635	1.11349e-14
5.64	1.08933e-14
5.645	1.0744e-14
5.65	1.06188e-14
5.655	1.06026e-14
5.66	1.03838e-14
5.665	1.0218e-14
5.67	1.00925e-14
5.675	9.97781e-15
5.68	9.99881e-15
5.685	9.81508e-15
5.69	9.68749e-15
5.695	9.59924e-15
5.7	9.52008e-15
5.705	9.57947e-15
5.71	9.41767e-15
5.715	9.31119e-15
5.72	9.2462e-15
5.725	9.30684e-15
5.73	9.29336e-15
5.735	9.10909e-15
5.74	9.03016e-15
5.745	9.0769e-15
5.75	9.05068e-15
5.755	8.859e-15
5.76	8.766e-15
5.765	8.69892e-15
5.77	8.73865e-15
5.775	8.5609e-15
5.78	8.42913e-15
5.785	8.33762e-15
5.79	8.25597e-15
5.795	8.29513e-15
5.8	8.11096e-15
5.805	7.97792e-15
5.81	7.88793e-15
5.815	7.91511e-15
5.82	7.86412e-15
5.825	7.63457e-15
5.83	7.51278e-15
5.835	7.51597e-15
5.84	7.44557e-15
5.845	7.20777e-15
5.85	7.07116e-15
5.855	6.96197e-15
5.86	6.95999e-15
5.865	6.74333e-15
5.87	6.57555e-15
5.875	6.4492e-15
5.88	6.33382e-15
5.885	6.34957e-15
5.89	6.14819e-15
5.895	6.00347e-15
5.9	5.90177e-15
5.905	5.9268e-15
5.91	5.88007e-15
5.915	5.67212e-15
5.92	5.57075e-15
5.925	5.60422e-15
5.93	5.56984e-15
5.935	5.38367e-15
5.94	5.29582e-15
5.945	5.23293e-15
5.95	5.2889e-15
5.955	5.133e-15
5.96	5.02713e-15
5.965	4.9599e-15
5.97	4.90141e-15
5.975	4.97289e-15
5.98	4.82319e-15
5.985	4.72722e-15
5.99	4.67247e-15
5.995	4.73764e-15
6	4.72625e-15
6.005	4.54222e-15
6.01	4.46527e-15
6.015	4.51618e-15
6.02	4.49532e-15
6.025	4.31382e-15
6.03	4.2322e-15
6.035	4.17588e-15
6.04	4.23441e-15
6.045	4.08202e-15
6.05	3.98088e-15
6.055	3.91877e-15
6.06	3.86581e-15
6.065	3.95088e-15
6.07	3.82107e-15
6.075	3.74887e-15
6.08	3.71689e-15
6.085	3.8121e-15
6.09	3.83493e-15
6.095	3.697e-15
6.1	3.66343e-15
6.105	3.76131e-15
6.11	3.78852e-15
6.115	3.65843e-15
6.12	3.62529e-15
6.125	3.61536e-15
6.13	3.71383e-15
6.135	3.59519e-15
6.14	3.52272e-15
6.145	3.48814e-15
6.15	3.46183e-15
6.155	3.55393e-15
6.16	3.42091e-15
6.165	3.33876e-15
6.17	3.29781e-15
6.175	3.37284e-15
6.18	3.36974e-15
6.185	3.19136e-15
6.19	3.12046e-15
6.195	3.17631e-15
6.2	3.16029e-15
6.205	2.98444e-15
6.21	2.90805e-15
6.215	2.85675e-15
6.22	2.91877e-15
6.225	2.77009e-15
6.23	2.67143e-15
6.235	2.61124e-15
6.24	2.56011e-15
6.245	2.64012e-15
6.25	2.50275e-15
6.255	2.42044e-15
6.26	2.37821e-15
6.265	2.45746e-15
6.27	2.46209e-15
6.275	2.30002e-15
6.28	2.24343e-15
6.285	2.31495e-15
6.29	2.31591e-15
6.295	2.16004e-15
6.3	2.10218e-15
6.305	2.06829e-15
6.31	2.14661e-15
6.315	2.01447e-15
6.32	1.93193e-15
6.325	1.88696e-15
6.33	1.95735e-15
6.335	1.95863e-15
6.34	1.81115e-15
6.345	1.76432e-15
6.35	1.84084e-15
6.355	1.84989e-15
6.36	1.71154e-15
6.365	1.64546e-15
6.37	1.73194e-15
6.375	1.72701e-15
6.38	1.70229e-15
6.385	1.57173e-15
6.39	1.64625e-15
6.395	1.6705e-15
6.4	1.65963e-15
6.405	1.6413e-15
6.41	1.49363e-15
6.415	1.55618e-15
6.42	1.566e-15
6.425	1.54045e-15
6.43	1.40169e-15
6.435	1.33732e-15
6.44	1.43432e-15
6.445	1.42953e-15
6.45	1.30294e-15
6.455	1.2463e-15
6.46	1.34157e-15
6.465	1.34352e-15
6.47	1.3243e-15
6.475	1.19927e-15
6.48	1.27499e-15
6.485	1.302e-15
6.49	1.29451e-15
6.495	1.27967e-15
6.5	1.14052e-15
6.505	1.20982e-15
6.51	1.22712e-15
6.515	1.20874e-15
6.52	1.18307e-15
6.525	1.0325e-15
6.53	1.10714e-15
6.535	1.13087e-15
6.54	1.11705e-15
6.545	9.8389e-16
6.55	9.24851e-16
6.555	1.03439e-15
6.56	1.03869e-15
6.565	9.17411e-16
6.57	8.66325e-16
6.575	9.70332e-16
6.58	9.78771e-16
6.585	8.70028e-16
6.59	8.26621e-16
6.595	9.23669e-16
6.6	9.49171e-16
6.605	8.25932e-16
6.61	7.90656e-16
6.615	7.75325e-16
6.62	8.61083e-16
6.625	7.52111e-16
6.63	6.94034e-16
6.635	6.71571e-16
6.64	6.57377e-16
6.645	7.71065e-16
6.65	6.83623e-16
6.655	6.47412e-16
6.66	6.45416e-16
6.665	6.50035e-16
6.67	7.78139e-16
6.675	6.88714e-16
6.68	6.50557e-16
6.685	6.49874e-16
6.69	7.65274e-16
6.695	8.0618e-16
6.7	6.78642e-16
6.705	6.53492e-16
6.71	7.48915e-16
6.715	7.76427e-16
6.72	6.55464e-16
6.725	6.28724e-16
6.73	6.24575e-16
6.735	7.38787e-16
6.74	6.55164e-16
6.745	6.22034e-16
6.75	6.22997e-16
6.755	6.31039e-16
6.76	7.69226e-16
6.765	6.99587e-16
6.77	6.81537e-16
6.775	6.98777e-16
6.78	8.28411e-16
6.785	8.82489e-16
6.79	7.68403e-16
6.795	7.54046e-16
6.8	8.53969e-16
6.805	8.81884e-16
6.81	7.50088e-16
6.815	7.12566e-16
6.82	6.9788e-16
6.825	7.81546e-16
6.83	6.63024e-16
6.835	5.9135e-16
6.84	5.55528e-16
6.845	5.28237e-16
6.85	6.2306e-16
6.855	5.12694e-16
6.86	4.54877e-16
6.865	4.33768e-16
6.87	5.27744e-16
6.875	5.50419e-16
6.88	4.17112e-16
6.885	3.82449e-16
6.89	4.67901e-16
6.895	4.86266e-16
6.9	3.58345e-16
6.905	3.2209e-16
6.91	3.07616e-16
6.915	3.98037e-16
6.92	2.9159e-16
6.925	2.32826e-16
6.93	2.08202e-16
6.935	1.91264e-16
6.94	2.9413e-16
6.945	1.93031e-16
6.95	1.42753e-16
6.955	1.28085e-16
6.96	2.23524e-16
6.965	2.46622e-16
6.97	1.11183e-16
6.975	7.34492e-17
6.98	1.51159e-16
6.985	1.61365e-16
6.99	2.46745e-17
6.995	-2.07703e-17
7	-4.43232e-17
7.005	3.52642e-17
7.01	-7.65904e-17
7.015	-1.39471e-16
7.02	-1.68514e-16
7.025	-1.89571e-16
7.03	-8.43292e-17
7.035	-1.73464e-16
7.04	-2.08325e-16
7.045	-2.0897e-16
7.05	-9.37824e-17
7.055	-4.52113e-17
7.06	-1.39024e-16
7.065	-1.39316e-16
7.07	-2.07096e-17
7.075	3.40307e-17
7.08	-4.80523e-17
7.085	-4.36434e-17
7.09	-1.98781e-17
7.095	1.04731e-16
7.1	3.78921e-17
7.105	1.60658e-17
7.11	2.589e-17
7.115	4.2074e-17
7.12	1.68592e-16
7.125	9.58532e-17
7.13	7.07878e-17
7.135	7.94184e-17
7.14	1.91873e-16
7.145	2.3335e-16
7.15	1.21213e-16
7.155	1.02954e-16
7.16	1.95808e-16
7.165	2.23482e-16
7.17	1.1151e-16
7.175	8.64029e-17
7.18	8.18553e-17
7.185	1.76322e-16
7.19	8.60065e-17
7.195	4.17056e-17
7.2	2.91613e-17
7.205	2.37521e-17
7.21	1.33241e-16
7.215	5.178e-17
7.22	1.94255e-17
7.225	1.9785e-17
7.23	1.25082e-16
7.235	1.62583e-16
7.24	5.44253e-17
7.245	3.72777e-17
7.25	1.29761e-16
7.255	1.58907e-16
7.26	5.29181e-17
7.265	3.14103e-17
7.27	2.96136e-17
7.275	1.23908e-16
7.28	3.74735e-17
7.285	-3.9683e-18
7.29	-1.45055e-17
7.295	-1.817e-17
7.3	8.95856e-17
7.305	1.08712e-17
7.31	-1.98262e-17
7.315	-1.87118e-17
7.32	8.49073e-17
7.325	1.22206e-16
7.33	1.8031e-17
7.335	2.50684e-18
7.34	9.41957e-17
7.345	1.24181e-16
7.35	2.31801e-17
7.355	4.42706e-18
7.36	4.84022e-18
7.365	9.90559e-17
7.37	1.7357e-17
7.375	-2.02564e-17
7.38	-2.79544e-17
7.385	-2.91063e-17
7.39	7.77573e-17
7.395	2.52051e-18
7.4	-2.61358e-17
7.405	-2.39326e-17
7.41	7.71875e-17
7.415	1.13079e-16
7.42	1.00478e-17
7.425	-6.55369e-18
7.43	8.02993e-17
7.435	1.0644e-16
7.44	4.42232e-18
7.445	-1.73906e-17
7.45	-2.05014e-17
7.455	6.6796e-17
7.46	-1.69927e-17
7.465	-5.76467e-17
7.47	-6.91591e-17
7.475	-7.40963e-17
7.48	2.58935e-17
7.485	-5.087e-17
7.49	-8.20491e-17
7.495	-8.32872e-17
7.5	-7.81764e-17
7.505	3.20685e-17
7.51	-5.02312e-17
7.515	-8.8231e-17
7.52	-9.4742e-17
7.525	2.45259e-20
7.53	3.07448e-17
7.535	-8.07851e-17
7.54	-1.0344e-16
7.545	-1.9986e-17
7.55	3.03934e-18
7.555	-1.02084e-16
7.56	-1.27079e-16
7.565	-5.29554e-17
7.57	-3.39388e-17
7.575	-1.29899e-16
7.58	-1.63188e-16
7.585	-7.20194e-17
7.59	-5.41021e-17
7.595	-5.2489e-17
7.6	-1.30006e-16
7.605	-4.73803e-17
7.61	-9.01355e-18
7.615	8.19432e-19
7.62	3.83407e-18
7.625	-9.85869e-17
7.63	-3.38116e-17
7.635	-1.24107e-17
7.64	-1.77358e-17
7.645	-2.81128e-17
7.65	-1.37674e-16
7.655	-6.75851e-17
7.66	-4.11964e-17
7.665	-4.45527e-17
7.67	-1.42509e-16
7.675	-1.76418e-16
7.68	-7.05621e-17
7.685	-4.84e-17
7.69	-1.23464e-16
7.695	-1.41068e-16
7.7	-3.95224e-17
7.705	-1.45414e-17
7.71	-8.42597e-17
7.715	-1.021e-16
7.72	-1.34659e-17
7.725	1.52289e-17
7.73	-7.39441e-17
7.735	-9.38311e-17
7.74	-9.81951e-17
7.745	-3.09946e-17
7.75	-1.13107e-16
7.755	-1.52656e-16
7.76	-1.654e-16
7.765	-1.71645e-16
7.77	-7.62014e-17
7.775	-1.35018e-16
7.78	-1.5177e-16
7.785	-1.43931e-16
7.79	-1.31581e-16
7.795	-2.58247e-17
7.8	-8.77155e-17
7.805	-1.08628e-16
7.81	-1.02442e-16
7.815	-8.97135e-18
7.82	2.36344e-17
7.825	-7.52807e-17
7.83	-9.59178e-17
7.835	-2.7337e-17
7.84	-1.28692e-17
7.845	-1.08958e-16
7.85	-1.33471e-16
7.855	-1.40939e-16
7.86	-5.86583e-17
7.865	-1.22699e-16
7.87	-1.44901e-16
7.875	-1.42411e-16
7.88	-1.34579e-16
7.885	-2.81454e-17
7.89	-7.61561e-17
7.895	-8.32457e-17
7.9	-6.59303e-17
7.905	3.57346e-17
7.91	7.99549e-17
7.915	5.34897e-18
7.92	4.17414e-18
7.925	9.04779e-17
7.93	1.24892e-16
7.935	5.44752e-17
7.94	5.21344e-17
7.945	6.5357e-17
7.95	1.62219e-16
7.955	1.19192e-16
7.96	1.16916e-16
7.965	1.37652e-16
7.97	1.6303e-16
7.975	2.8513e-16
7.98	2.59389e-16
7.985	2.73124e-16
7.99	3.09503e-16
7.995	4.24886e-16
8	4.82758e-16
8.005	4.21603e-16
8.01	4.29904e-16
8.015	5.15842e-16
8.02	5.46753e-16
8.025	4.64314e-16
8.03	4.47851e-16
8.035	4.46873e-16
8.04	5.07249e-16
8.045	4.25138e-16
8.05	3.77148e-16
8.055	3.5332e-16
8.06	3.35612e-16
8.065	3.94316e-16
8.07	3.0661e-16
8.075	2.54339e-16
8.08	2.26299e-16
8.085	2.71111e-16
8.09	2.60158e-16
8.095	1.34277e-16
8.1	7.72124e-17
8.105	9.66072e-17
8.11	6.56907e-17
8.115	-6.71562e-17
8.12	-1.3558e-16
8.125	-1.87967e-16
8.13	-1.72053e-16
8.135	-2.84387e-16
8.14	-3.58435e-16
8.145	-4.09253e-16
8.15	-4.53655e-16
8.155	-4.08674e-16
8.16	-4.9294e-16
8.165	-5.36061e-16
8.17	-5.57414e-16
8.175	-5.73805e-16
8.18	-4.9789e-16
8.185	-5.63208e-16
8.19	-5.88312e-16
8.195	-5.91235e-16
8.2	-5.10644e-16
8.205	-4.77069e-16
8.21	-5.41583e-16
8.215	-5.40682e-16
8.22	-4.56724e-16
8.225	-4.18449e-16
8.23	-4.69245e-16
8.235	-4.61433e-16
8.24	-3.78646e-16
8.245	-3.38082e-16
8.25	-3.81869e-16
8.255	-3.76757e-16
8.26	-2.81591e-16
8.265	-2.41983e-16
8.27	-2.15415e-16
8.275	-2.46929e-16
8.28	-1.64799e-16
8.285	-1.19919e-16
8.29	-9.57022e-17
8.295	-7.6916e-17
8.3	-1.40864e-16
8.305	-8.39258e-17
8.31	-6.19149e-17
8.315	-5.81152e-17
8.32	-5.77356e-17
8.325	-1.30735e-16
8.33	-7.35369e-17
8.335	-5.12758e-17
8.34	-4.95409e-17
8.345	-1.17302e-16
8.35	-1.36435e-16
8.355	-5.54883e-17
8.36	-3.51769e-17
8.365	-8.56398e-17
8.37	-9.36671e-17
8.375	-2.16392e-17
8.38	-4.21662e-18
8.385	-5.57634e-17
8.39	-6.93105e-17
8.395	-9.44388e-18
8.4	4.98822e-18
8.405	-6.21759e-17
8.41	-7.95424e-17
8.415	-8.57165e-17
8.42	-4.2613e-17
8.425	-9.97594e-17
8.43	-1.22366e-16
8.435	-1.27186e-16
8.44	-1.27597e-16
8.445	-5.08827e-17
8.45	-8.04412e-17
8.455	-7.80322e-17
8.46	-6.05998e-17
8.465	-4.09297e-17
8.47	4.20212e-17
8.475	7.50063e-18
8.48	2.99392e-18
8.485	1.5799e-17
8.49	8.69884e-17
8.495	1.12321e-16
8.5	4.42606e-17
8.505	3.03732e-17
8.51	7.60291e-17
8.515	8.23634e-17
8.52	1.64644e-17
8.525	-6.26833e-19
8.53	-6.40289e-18
8.535	4.97771e-17
8.54	8.73495e-18
8.545	-9.07669e-19
8.55	5.02401e-18
8.555	1.44392e-17
8.56	8.76366e-17
8.565	5.50161e-17
8.57	5.02393e-17
8.575	6.01072e-17
8.58	1.22786e-16
8.585	1.43325e-16
8.59	8.30743e-17
8.595	7.2182e-17
8.6	1.17582e-16
8.605	1.27095e-16
8.61	7.25492e-17
8.615	6.30366e-17
8.62	1.09885e-16
8.625	1.26869e-16
8.63	9.00332e-17
8.635	9.43441e-17
8.64	1.72258e-16
8.645	2.08745e-16
8.65	2.35566e-16
8.655	2.36024e-16
8.66	3.18773e-16
8.665	3.73178e-16
8.67	4.12155e-16
8.675	4.46246e-16
8.68	4.18873e-16
8.685	4.73046e-16
8.69	4.97847e-16
8.695	5.10406e-16
8.7	5.2034e-16
8.705	4.71742e-16
8.71	5.09999e-16
8.715	5.19035e-16
8.72	5.15443e-16
8.725	4.58624e-16
8.73	4.35263e-16
8.735	4.73598e-16
8.74	4.70638e-16
8.745	4.15785e-16
8.75	3.89103e-16
8.755	4.06159e-16
8.76	3.86957e-16
8.765	3.60627e-16
8.77	2.75133e-16
8.775	2.59151e-16
8.78	2.13796e-16
8.785	1.58958e-16
8.79	1.0313e-16
8.795	-1.00162e-17
8.8	-4.37181e-17
8.805	-1.00186e-16
8.81	-1.6467e-16
8.815	-2.68368e-16
8.82	-3.36283e-16
8.825	-3.39057e-16
8.83	-3.77245e-16
8.835	-4.51018e-16
8.84	-4.90989e-16
8.845	-4.70777e-16
8.85	-4.84272e-16
8.855	-5.04849e-16
8.86	-5.50516e-16
8.865	-5.23407e-16
8.87	-5.16132e-16
8.875	-5.19702e-16
8.88	-5.26181e-16
8.885	-5.65642e-16
8.89	-5.29365e-16
8.895	-5.11125e-16
8.9	-5.02845e-16
8.905	-5.26143e-16
8.91	-5.16514e-16
8.915	-4.48727e-16
8.92	-4.14508e-16
8.925	-4.14934e-16
8.93	-3.88135e-16
8.935	-3.1746e-16
8.94	-2.77544e-16
8.945	-2.45177e-16
8.95	-2.45296e-16
8.955	-1.89271e-16
8.96	-1.558e-16
8.965	-1.31558e-16
8.97	-1.1016e-16
8.975	-1.27037e-16
8.98	-8.24195e-17
8.985	-5.63671e-17
8.99	-3.76798e-17
8.995	-4.76187e-17
9	-2.89139e-17
9.005	3.86857e-17
9.01	7.80277e-17
9.015	9.00422e-17
9.02	1.27085e-16
9.025	2.03743e-16
9.03	2.5361e-16
9.035	2.96972e-16
9.04	3.16502e-16
9.045	3.82906e-16
9.05	4.28245e-16
9.055	4.65553e-16
9.06	4.71465e-16
9.065	4.9652e-16
9.07	5.43322e-16
9.075	5.69837e-16
9.08	5.68976e-16
9.085	5.8698e-16
9.09	6.32041e-16
9.095	6.53135e-16
9.1	6.4248e-16
9.105	6.5063e-16
9.11	6.62338e-16
9.115	6.81718e-16
9.12	6.61992e-16
9.125	6.57594e-16
9.13	6.58551e-16
9.135	6.61075e-16
9.14	6.84655e-16
9.145	6.64127e-16
9.15	6.55783e-16
9.155	6.51409e-16
9.16	6.60434e-16
9.165	6.47358e-16
9.17	6.03554e-16
9.175	5.77877e-16
9.18	5.69598e-16
9.185	5.43076e-16
9.19	4.95381e-16
9.195	4.64563e-16
9.2	4.3779e-16
9.205	4.25825e-16
9.21	3.88231e-16
9.215	3.66904e-16
9.22	3.49371e-16
9.225	3.33409e-16
9.23	3.36693e-16
9.235	3.09547e-16
9.24	2.94258e-16
9.245	2.80749e-16
9.25	2.80623e-16
9.255	2.64277e-16
9.26	2.29484e-16
9.265	2.07502e-16
9.27	1.98617e-16
9.275	1.7656e-16
9.28	1.44569e-16
9.285	1.23716e-16
9.29	1.05085e-16
9.295	9.85742e-17
9.3	7.63006e-17
9.305	6.79832e-17
9.31	6.11158e-17
9.315	5.4975e-17
9.32	6.16345e-17
9.325	4.82664e-17
9.33	4.36292e-17
9.335	3.84914e-17
9.34	3.96708e-17
9.345	2.72905e-17
9.35	2.38094e-18
9.355	-1.48586e-17
9.36	-2.61288e-17
9.365	-4.70062e-17
9.37	-6.97416e-17
9.375	-8.60441e-17
9.38	-1.01223e-16
9.385	-1.07793e-16
9.39	-1.17559e-16
9.395	-1.14649e-16
9.4	-1.12418e-16
9.405	-1.10076e-16
9.41	-9.64683e-17
9.415	-8.95691e-17
9.42	-7.5807e-17
9.425	-6.53629e-17
9.43	-5.38524e-17
9.435	-5.23206e-17
9.44	-5.55535e-17
9.445	-5.78285e-17
9.45	-6.36256e-17
9.455	-7.80083e-17
9.46	-9.32442e-17
9.465	-1.07191e-16
9.47	-1.21276e-16
9.475	-1.4356e-16
9.48	-1.63363e-16
9.485	-1.76364e-16
9.49	-1.90927e-16
9.495	-2.0493e-16
9.5	-2.23248e-16
9.505	-2.38867e-16
9.51	-2.51004e-16
9.515	-2.6716e-16
9.52	-2.87724e-16
9.525	-3.12684e-16
9.53	-3.28719e-16
9.535	-3.48595e-16
9.54	-3.73277e-16
9.545	-3.98776e-16
9.55	-4.05708e-16
9.555	-4.17493e-16
9.56	-4.3388e-16
9.565	-4.48421e-16
9.57	-4.45272e-16
9.575	-4.37065e-16
9.58	-4.37523e-16
9.585	-4.32797e-16
9.59	-4.2686e-16
9.595	-3.95217e-16
9.6	-3.85388e-16
9.605	-3.78524e-16
9.61	-3.67065e-16
9.615	-3.55406e-16
9.62	-3.34203e-16
9.625	-3.32406e-16
9.63	-3.30355e-16
9.635	-3.21474e-16
9.64	-3.11333e-16
9.645	-2.80616e-16
9.65	-2.71652e-16
9.655	-2.61703e-16
9.66	-2.45039e-16
9.665	-2.13659e-16
9.67	-1.83319e-16
9.675	-1.70781e-16
9.68	-1.46244e-16
9.685	-1.0582e-16
9.69	-7.10493e-17
9.695	-7.00124e-17
9.7	-5.53362e-17
9.705	-2.83411e-17
9.71	-9.81791e-18
9.715	-2.22511e-17
9.72	-3.32396e-17
9.725	-2.15781e-17
9.73	-2.26682e-17
9.735	-2.64934e-17
9.74	-5.99129e-17
9.745	-4.99726e-17
9.75	-3.93836e-17
9.755	-3.70802e-17
9.76	-3.6001e-17
9.765	-4.88664e-17
9.77	-2.16249e-17
9.775	1.51955e-18
9.78	1.34722e-17
9.785	2.26544e-17
9.79	3.25602e-18
9.795	2.6012e-17
9.8	4.30541e-17
9.805	4.91072e-17
9.81	2.87873e-17
9.815	1.56261e-17
9.82	3.39809e-17
9.825	3.01936e-17
9.83	-1.78351e-18
9.835	-2.25309e-17
9.84	2.94256e-18
9.845	5.44686e-18
9.85	-1.69336e-17
9.855	-2.63691e-17
9.86	5.64822e-18
9.865	2.75196e-17
9.87	7.71943e-18
9.875	9.21698e-18
9.88	1.52854e-17
9.885	5.45704e-17
9.89	2.93825e-17
9.895	7.04335e-18
9.9	-2.93191e-18
9.905	-1.04452e-17
9.91	6.38578e-18
9.915	-3.4659e-17
9.92	-6.52377e-17
9.925	-8.08028e-17
9.93	-9.25685e-17
9.935	-5.64596e-17
9.94	-7.82617e-17
9.945	-8.62979e-17
9.95	-8.01376e-17
9.955	-3.08328e-17
9.96	7.4965e-18
9.965	6.89171e-18
9.97	3.65263e-17
9.975	1.08945e-16
9.98	1.64578e-16
9.985	1.62299e-16
9.99	1.9067e-16
9.995	2.54398e-16
10	2.98023e-16
