0.005	1.59628e-05
0.01	1.06495e-05
0.015	3.8879e-06
0.02	1.74206e-06
0.025	1.03294e-06
0.03	7.92023e-07
0.035	6.22062e-07
0.04	4.92492e-07
0.045	3.78127e-07
0.05	3.04705e-07
0.055	1.98058e-07
0.06	1.90764e-07
0.065	1.63023e-07
0.07	1.28231e-07
0.075	8.69332e-08
0.08	8.64594e-08
0.085	7.40465e-08
0.09	4.61506e-08
0.095	5.05275e-08
0.1	3.43119e-08
0.105	3.49527e-08
0.11	2.12136e-08
0.115	2.42569e-08
0.12	1.66032e-08
0.125	1.76327e-08
0.13	1.34222e-08
0.135	9.04766e-09
0.14	9.58276e-09
0.145	7.11059e-09
0.15	7.28406e-09
0.155	6.09412e-09
0.16	5.11716e-09
0.165	4.44629e-09
0.17	3.97778e-09
0.175	3.11898e-09
0.18	2.43555e-09
0.185	2.22612e-09
0.19	1.92086e-09
0.195	1.78567e-09
0.2	1.34505e-09
0.205	1.20482e-09
0.21	9.4697e-10
0.215	7.97673e-10
0.22	6.91742e-10
0.225	7.51317e-10
0.23	5.90368e-10
0.235	4.98534e-10
0.24	4.70396e-10
0.245	5.49441e-10
0.25	4.89752e-10
0.255	4.66281e-10
0.26	4.05238e-10
0.265	3.74411e-10
0.27	3.84577e-10
0.275	4.08142e-10
0.28	7.60381e-10
0.285	5.78745e-10
0.29	5.43755e-10
0.295	5.05123e-10
0.3	3.36425e-10
0.305	3.76543e-10
0.31	4.10369e-10
0.315	3.43916e-10
0.32	3.62904e-10
0.325	3.78874e-10
0.33	4.10564e-10
0.335	3.76383e-10
0.34	4.05137e-10
0.345	3.37278e-10
0.35	4.26918e-10
0.355	3.65274e-10
0.36	3.38941e-10
0.365	3.93557e-10
0.37	3.70215e-10
0.375	3.77254e-10
0.38	3.66118e-10
0.385	3.12234e-10
0.39	3.46513e-10
0.395	4.30819e-10
0.4	3.82437e-10
0.405	3.02502e-10
0.41	3.61445e-10
0.415	4.01488e-10
0.42	4.21997e-10
0.425	4.28412e-10
0.43	3.29158e-10
0.435	3.78132e-10
0.44	2.55483e-10
0.445	4.05407e-10
0.45	3.41023e-10
0.455	3.445e-10
0.46	3.72255e-10
0.465	3.66116e-10
0.47	4.05323e-10
0.475	3.70526e-10
0.48	3.50908e-10
0.485	3.86913e-10
0.49	4.02598e-10
0.495	4.02631e-10
0.5	4.11685e-10
0.505	3.74316e-10
0.51	4.02682e-10
0.515	4.26448e-10
0.52	3.70782e-10
0.525	3.76769e-10
0.53	3.66504e-10
0.535	3.68103e-10
0.54	3.60302e-10
0.545	3.47879e-10
0.55	3.33125e-10
0.555	4.26613e-10
0.56	4.05108e-10
0.565	3.86743e-10
0.57	3.2435e-10
0.575	3.1949e-10
0.58	4.30304e-10
0.585	4.15819e-10
0.59	3.92066e-10
0.595	3.13472e-10
0.6	3.09498e-10
0.605	4.31597e-10
0.61	4.16233e-10
0.615	3.91965e-10
0.62	2.98717e-10
0.625	2.94718e-10
0.63	4.31802e-10
0.635	4.13779e-10
0.64	3.88986e-10
0.645	2.90701e-10
0.65	2.91712e-10
0.655	3.00031e-10
0.66	2.92551e-10
0.665	2.86511e-10
0.67	4.25388e-10
0.675	3.85295e-10
0.68	3.53022e-10
0.685	2.52517e-10
0.69	4.24289e-10
0.695	3.45232e-10
0.7	2.21241e-10
0.705	3.98586e-10
0.71	3.09336e-10
0.715	4.21797e-10
0.72	3.16536e-10
0.725	1.67799e-10
0.73	3.51471e-10
0.735	1.49548e-10
0.74	3.59799e-10
0.745	1.36843e-10
0.75	3.68424e-10
0.755	1.29586e-10
0.76	3.73594e-10
0.765	2.24416e-10
0.77	3.47803e-10
0.775	4.15798e-10
0.78	1.14975e-10
0.785	3.85432e-10
0.79	2.30716e-10
0.795	3.67315e-10
0.8	1.20354e-10
0.805	3.66441e-10
0.81	1.34137e-10
0.815	3.92829e-10
0.82	2.4976e-10
0.825	3.81421e-10
0.83	1.43153e-10
0.835	3.86031e-10
0.84	2.60186e-10
0.845	3.84699e-10
0.85	1.57166e-10
0.855	3.95851e-10
0.86	2.76117e-10
0.865	4.01281e-10
0.87	1.68557e-10
0.875	4.14615e-10
0.88	2.91203e-10
0.885	4.21688e-10
0.89	3.13919e-10
0.895	1.72638e-10
0.9	3.66652e-10
0.905	1.72463e-10
0.91	3.96798e-10
0.915	2.83891e-10
0.92	4.04667e-10
0.925	3.03761e-10
0.93	1.64857e-10
0.935	3.52732e-10
0.94	1.61569e-10
0.945	3.80497e-10
0.95	2.70624e-10
0.955	3.89738e-10
0.96	1.6104e-10
0.965	4.01628e-10
0.97	2.80171e-10
0.975	4.06851e-10
0.98	2.99765e-10
0.985	1.6085e-10
0.99	3.47603e-10
0.995	1.6053e-10
1	3.73029e-10
1.005	1.62983e-10
1.01	3.97782e-10
1.015	2.74184e-10
1.02	3.95211e-10
1.025	1.59102e-10
1.03	3.9879e-10
1.035	2.73206e-10
1.04	3.96005e-10
1.045	1.56962e-10
1.05	3.98913e-10
1.055	2.70921e-10
1.06	3.94729e-10
1.065	1.53682e-10
1.07	3.9651e-10
1.075	2.6688e-10
1.08	3.90877e-10
1.085	1.49513e-10
1.09	3.91758e-10
1.095	2.61224e-10
1.1	3.84898e-10
1.105	1.44462e-10
1.11	3.84738e-10
1.115	2.54052e-10
1.12	3.76611e-10
1.125	1.38699e-10
1.13	3.75354e-10
1.135	2.45357e-10
1.14	3.65949e-10
1.145	4.31865e-10
1.15	2.99207e-10
1.155	1.33535e-10
1.16	3.43465e-10
1.165	1.27855e-10
1.17	3.56927e-10
1.175	1.27101e-10
1.18	3.70506e-10
1.185	2.28251e-10
1.19	3.49856e-10
1.195	4.15987e-10
1.2	1.17303e-10
1.205	3.89032e-10
1.21	2.32725e-10
1.215	3.67291e-10
1.22	1.10302e-10
1.225	3.55637e-10
1.23	1.12703e-10
1.235	3.70649e-10
1.24	2.15016e-10
1.245	3.42846e-10
1.25	4.13269e-10
1.255	1.01748e-10
1.26	3.81724e-10
1.265	2.17495e-10
1.27	3.55152e-10
1.275	4.31702e-10
1.28	2.7234e-10
1.285	9.66225e-11
1.29	3.13354e-10
1.295	9.04174e-11
1.3	3.1941e-10
1.305	8.97453e-11
1.31	3.28321e-10
1.315	8.89998e-11
1.32	3.38228e-10
1.325	8.83955e-11
1.33	3.49135e-10
1.335	8.81725e-11
1.34	3.60624e-10
1.345	1.95e-10
1.35	3.27815e-10
1.355	4.02021e-10
1.36	8.40184e-11
1.365	3.70166e-10
1.37	2.0351e-10
1.375	3.43151e-10
1.38	4.21761e-10
1.385	2.62299e-10
1.39	8.82456e-11
1.395	3.05406e-10
1.4	8.48162e-11
1.405	3.13656e-10
1.41	8.64899e-11
1.415	3.24446e-10
1.42	8.78646e-11
1.425	3.35946e-10
1.43	8.89294e-11
1.435	3.4761e-10
1.44	8.97963e-11
1.445	3.59172e-10
1.45	9.05366e-11
1.455	3.7072e-10
1.46	1.98893e-10
1.465	3.34573e-10
1.47	4.09885e-10
1.475	8.27007e-11
1.48	3.74039e-10
1.485	2.01527e-10
1.49	3.42843e-10
1.495	4.2191e-10
1.5	2.57548e-10
1.505	8.0253e-11
1.51	2.9754e-10
1.515	4.29093e-10
1.52	2.52527e-10
1.525	7.57331e-11
1.53	2.8868e-10
1.535	4.1708e-10
1.54	2.43189e-10
1.545	7.11482e-11
1.55	2.7736e-10
1.555	4.01455e-10
1.56	7.14384e-11
1.565	3.71467e-10
1.57	1.91343e-10
1.575	3.35898e-10
1.58	4.16753e-10
1.585	2.46451e-10
1.59	6.67149e-11
1.595	2.86144e-10
1.6	4.18648e-10
1.605	2.39887e-10
1.61	6.3652e-11
1.615	2.76223e-10
1.62	4.03786e-10
1.625	2.3125e-10
1.63	4.28041e-10
1.635	2.40961e-10
1.64	6.33978e-11
1.645	2.73141e-10
1.65	3.98737e-10
1.655	6.61537e-11
1.66	3.69239e-10
1.665	1.87629e-10
1.67	3.31462e-10
1.675	4.11817e-10
1.68	6.65489e-11
1.685	3.75712e-10
1.69	1.92682e-10
1.695	3.40754e-10
1.7	4.23775e-10
1.705	2.52471e-10
1.71	6.75257e-11
1.715	2.92203e-10
1.72	4.26841e-10
1.725	2.46963e-10
1.73	6.54734e-11
1.735	2.81899e-10
1.74	4.10593e-10
1.745	2.36971e-10
1.75	4.351e-10
1.755	2.45027e-10
1.76	6.42327e-11
1.765	2.77413e-10
1.77	4.03059e-10
1.775	6.65374e-11
1.78	3.71446e-10
1.785	1.8952e-10
1.79	3.33158e-10
1.795	4.13088e-10
1.8	6.59547e-11
1.805	3.75024e-10
1.81	1.92713e-10
1.815	3.39576e-10
1.82	4.21499e-10
1.825	2.50205e-10
1.83	6.60717e-11
1.835	2.89187e-10
1.84	4.21619e-10
1.845	2.42923e-10
1.85	6.32665e-11
1.855	2.76812e-10
1.86	4.02776e-10
1.865	6.54391e-11
1.87	3.72179e-10
1.875	1.89462e-10
1.88	3.33953e-10
1.885	4.14186e-10
1.89	6.43911e-11
1.895	3.76049e-10
1.9	1.92552e-10
1.905	3.40388e-10
1.91	4.2267e-10
1.915	2.50432e-10
1.92	6.42853e-11
1.925	2.89386e-10
1.93	4.22541e-10
1.935	2.42742e-10
1.94	6.11661e-11
1.945	2.76566e-10
1.95	4.03194e-10
1.955	2.30658e-10
1.96	4.25142e-10
1.965	2.38034e-10
1.97	5.83773e-11
1.975	2.68253e-10
1.98	3.90818e-10
1.985	6.04774e-11
1.99	3.58887e-10
1.995	1.80597e-10
2	3.20017e-10
2.005	3.97305e-10
2.01	5.89926e-11
2.015	3.59266e-10
2.02	1.81935e-10
2.025	3.23635e-10
2.03	4.02506e-10
2.035	5.9145e-11
2.04	3.65719e-10
2.045	1.85324e-10
2.05	3.3112e-10
2.055	4.12496e-10
2.06	5.97325e-11
2.065	3.75938e-10
2.07	1.90288e-10
2.075	3.41467e-10
2.08	4.26017e-10
2.085	2.4997e-10
2.09	5.92098e-11
2.095	2.90851e-10
2.1	4.28062e-10
2.105	2.43106e-10
2.11	5.5882e-11
2.115	2.78465e-10
2.12	4.09464e-10
2.125	2.31141e-10
2.13	4.32507e-10
2.135	2.39045e-10
2.14	5.31725e-11
2.145	2.70345e-10
2.15	3.97441e-10
2.155	5.51475e-11
2.16	3.64666e-10
2.165	1.79706e-10
2.17	3.24334e-10
2.175	4.04693e-10
2.18	5.36735e-11
2.185	3.65387e-10
2.19	1.81226e-10
2.195	3.28296e-10
2.2	4.10289e-10
2.205	5.39277e-11
2.21	3.72181e-10
2.215	1.84857e-10
2.22	3.36118e-10
2.225	4.20792e-10
2.23	2.44141e-10
2.235	5.35716e-11
2.24	2.84151e-10
2.245	4.20641e-10
2.25	2.36235e-10
2.255	5.02746e-11
2.26	2.70798e-10
2.265	4.00332e-10
2.27	5.24903e-11
2.275	3.6883e-10
2.28	1.80133e-10
2.285	3.28827e-10
2.29	4.11678e-10
2.295	5.10981e-11
2.3	3.72148e-10
2.305	1.8274e-10
2.31	3.34748e-10
2.315	4.19736e-10
2.32	2.42061e-10
2.325	5.06948e-11
2.33	2.81704e-10
2.335	4.18337e-10
2.34	2.33575e-10
2.345	4.74261e-11
2.35	2.6782e-10
2.355	3.9727e-10
2.36	4.97195e-11
2.365	3.65605e-10
2.37	1.76986e-10
2.375	3.25304e-10
2.38	4.0782e-10
2.385	4.84131e-11
2.39	3.6835e-10
2.395	1.79487e-10
2.4	3.30817e-10
2.405	4.15362e-10
2.41	2.3852e-10
2.415	4.80945e-11
2.42	2.77868e-10
2.425	4.13762e-10
2.43	2.29981e-10
2.435	4.49674e-11
2.44	2.63958e-10
2.445	3.92591e-10
2.45	4.73892e-11
2.455	3.61158e-10
2.46	1.7381e-10
2.465	3.21121e-10
2.47	4.03073e-10
2.475	4.63058e-11
2.48	3.639e-10
2.485	1.76447e-10
2.49	3.26705e-10
2.495	4.10505e-10
2.5	4.74199e-11
2.505	3.7254e-10
2.51	1.8127e-10
2.515	3.3621e-10
2.52	4.22748e-10
2.525	2.42614e-10
2.53	4.77437e-11
2.535	2.83909e-10
2.54	4.23582e-10
2.545	2.35212e-10
2.55	4.49094e-11
2.555	2.70923e-10
2.56	4.03743e-10
2.565	2.22832e-10
2.57	4.26747e-10
2.575	2.30877e-10
2.58	4.28637e-11
2.585	2.62471e-10
2.59	3.90807e-10
2.595	4.54594e-11
2.6	3.57971e-10
2.605	1.71182e-10
2.61	3.17082e-10
2.615	3.98062e-10
2.62	4.46099e-11
2.625	3.58807e-10
2.63	1.73214e-10
2.635	3.21293e-10
2.64	4.03685e-10
2.645	4.56559e-11
2.65	3.65755e-10
2.655	1.77423e-10
2.66	3.29437e-10
2.665	4.14094e-10
2.67	2.3742e-10
2.675	4.61112e-11
2.68	2.7751e-10
2.685	4.13944e-10
2.69	2.29665e-10
2.695	4.33958e-11
2.7	2.64309e-10
2.705	3.93729e-10
2.71	4.62207e-11
2.715	3.62635e-10
2.72	1.74046e-10
2.725	3.22764e-10
2.73	4.05081e-10
2.735	4.55077e-11
2.74	3.66088e-10
2.745	1.77292e-10
2.75	3.28965e-10
2.755	4.13108e-10
2.76	4.70129e-11
2.765	3.75218e-10
2.77	1.8261e-10
2.775	3.38931e-10
2.78	4.25792e-10
2.785	2.44647e-10
2.79	4.76814e-11
2.795	2.86379e-10
2.8	4.2692e-10
2.805	2.374e-10
2.81	4.49818e-11
2.815	2.73444e-10
2.82	4.07167e-10
2.825	2.25005e-10
2.83	4.30415e-10
2.835	2.33111e-10
2.84	4.31123e-11
2.845	2.65126e-10
2.85	3.94436e-10
2.855	4.57732e-11
2.86	3.6114e-10
2.865	1.729e-10
2.87	3.20226e-10
2.875	4.01518e-10
2.88	4.49694e-11
2.885	3.61775e-10
2.89	1.75047e-10
2.895	3.24294e-10
2.9	4.07066e-10
2.905	4.60273e-11
2.91	3.68674e-10
2.915	1.79258e-10
2.92	3.32314e-10
2.925	4.17554e-10
2.93	2.39358e-10
2.935	4.64639e-11
2.94	2.79838e-10
2.945	4.1727e-10
2.95	2.31463e-10
2.955	4.35874e-11
2.96	2.66434e-10
2.965	3.96847e-10
2.97	4.63667e-11
2.975	3.65257e-10
2.98	1.75531e-10
2.985	3.25184e-10
2.99	4.08235e-10
2.995	4.55214e-11
3	3.68682e-10
3.005	1.78585e-10
3.01	3.31234e-10
3.015	4.16249e-10
3.02	2.38053e-10
3.025	4.57585e-11
3.03	2.77996e-10
3.035	4.14833e-10
3.04	2.29683e-10
3.045	4.28112e-11
3.05	2.64131e-10
3.055	3.93698e-10
3.06	4.55367e-11
3.065	3.62034e-10
3.07	1.73624e-10
3.075	3.21904e-10
3.08	4.04218e-10
3.085	4.46352e-11
3.09	3.6479e-10
3.095	1.76372e-10
3.1	3.27487e-10
3.105	4.11537e-10
3.11	4.59453e-11
3.115	3.73354e-10
3.12	1.8125e-10
3.125	3.3694e-10
3.13	4.23649e-10
3.135	2.42653e-10
3.14	4.64017e-11
3.145	2.84141e-10
3.15	4.24309e-10
3.155	2.35206e-10
3.16	4.35235e-11
3.165	2.71068e-10
3.17	4.04173e-10
3.175	2.22743e-10
3.18	4.27078e-10
3.185	2.30825e-10
3.19	4.14937e-11
3.195	2.62419e-10
3.2	3.90846e-10
3.205	4.41253e-11
3.21	3.57794e-10
3.215	1.70774e-10
3.22	3.16915e-10
3.225	3.97804e-10
3.23	4.33007e-11
3.235	3.58341e-10
3.24	1.72744e-10
3.245	3.20896e-10
3.25	4.03103e-10
3.255	4.43324e-11
3.26	3.64982e-10
3.265	1.76853e-10
3.27	3.28765e-10
3.275	4.1325e-10
3.28	2.36645e-10
3.285	4.47011e-11
3.29	2.76644e-10
3.295	4.12763e-10
3.3	2.28786e-10
3.305	4.18606e-11
3.31	2.63282e-10
3.315	3.92385e-10
3.32	4.46907e-11
3.325	3.61086e-10
3.33	1.7311e-10
3.335	3.21395e-10
3.34	4.0341e-10
3.345	4.3911e-11
3.35	3.64251e-10
3.355	1.76219e-10
3.36	3.27336e-10
3.365	4.11247e-10
3.37	4.53585e-11
3.375	3.7321e-10
3.38	1.81404e-10
3.385	3.37074e-10
3.39	4.23796e-10
3.395	2.43006e-10
3.4	4.59305e-11
3.405	2.84605e-10
3.41	4.24683e-10
3.415	2.3576e-10
3.42	4.3128e-11
3.425	2.71678e-10
3.43	4.04782e-10
3.435	2.23411e-10
3.44	4.27839e-10
3.445	2.31585e-10
3.45	4.12161e-11
3.455	2.63268e-10
3.46	3.9185e-10
3.465	4.39104e-11
3.47	3.58791e-10
3.475	1.71647e-10
3.48	3.17986e-10
3.485	3.99051e-10
3.49	4.31353e-11
3.495	3.59533e-10
3.5	1.73782e-10
3.505	3.22117e-10
3.51	4.04644e-10
3.515	4.42599e-11
3.52	3.66465e-10
3.525	1.78039e-10
3.53	3.30232e-10
3.535	4.15129e-10
3.54	2.37885e-10
3.545	4.47807e-11
3.55	2.78132e-10
3.555	4.14903e-10
3.56	2.30235e-10
3.565	4.19798e-11
3.57	2.64966e-10
3.575	3.94597e-10
3.58	4.48362e-11
3.585	3.63237e-10
3.59	1.74692e-10
3.595	3.23421e-10
3.6	4.06108e-10
3.605	4.40882e-11
3.61	3.66784e-10
3.615	1.77905e-10
3.62	3.29666e-10
3.625	4.14355e-10
3.63	2.3723e-10
3.635	4.45096e-11
3.64	2.77046e-10
3.645	4.13118e-10
3.65	2.29151e-10
3.655	4.16747e-11
3.66	2.63435e-10
3.665	3.92323e-10
3.67	4.44836e-11
3.675	3.60912e-10
3.68	1.73445e-10
3.685	3.21159e-10
3.69	4.03222e-10
3.695	4.37086e-11
3.7	3.6401e-10
3.705	1.7644e-10
3.71	3.27027e-10
3.715	4.11002e-10
3.72	4.51819e-11
3.725	3.72969e-10
3.73	1.81575e-10
3.735	3.36804e-10
3.74	4.23661e-10
3.745	2.42932e-10
3.75	4.58659e-11
3.755	2.84591e-10
3.76	4.24596e-10
3.765	2.35837e-10
3.77	4.30975e-11
3.775	2.71794e-10
3.78	4.04921e-10
3.785	2.23597e-10
3.79	4.28236e-10
3.795	2.31845e-10
3.8	4.11895e-11
3.805	2.63647e-10
3.81	3.92355e-10
3.815	4.3951e-11
3.82	3.59366e-10
3.825	1.7196e-10
3.83	3.18637e-10
3.835	4.00084e-10
3.84	4.32542e-11
3.845	3.60539e-10
3.85	1.7422e-10
3.855	3.23156e-10
3.86	4.06188e-10
3.865	4.44455e-11
3.87	3.67922e-10
3.875	1.78644e-10
3.88	3.31704e-10
3.885	4.1726e-10
3.89	2.39018e-10
3.895	4.50035e-11
3.9	2.79666e-10
3.905	4.17335e-10
3.91	2.31506e-10
3.915	4.21996e-11
3.92	2.6662e-10
3.925	3.97227e-10
3.93	4.51418e-11
3.935	3.65804e-10
3.94	1.75653e-10
3.945	3.25927e-10
3.95	4.09473e-10
3.955	4.44602e-11
3.96	3.6995e-10
3.965	1.79124e-10
3.97	3.32699e-10
3.975	4.1842e-10
3.98	2.39488e-10
3.985	4.49264e-11
3.99	2.79846e-10
3.995	4.17516e-10
4	2.31447e-10
4.005	4.20927e-11
4.01	2.6635e-10
4.015	3.96806e-10
4.02	4.49888e-11
4.025	3.65224e-10
4.03	1.75167e-10
4.035	3.25211e-10
4.04	4.08489e-10
4.045	4.42682e-11
4.05	3.68949e-10
4.055	1.78469e-10
4.06	3.31678e-10
4.065	4.17005e-10
4.07	2.38678e-10
4.075	4.46991e-11
4.08	2.78824e-10
4.085	4.15911e-10
4.09	2.30507e-10
4.095	4.18789e-11
4.1	2.65237e-10
4.105	3.95184e-10
4.11	4.47464e-11
4.115	3.63698e-10
4.12	1.74294e-10
4.125	3.2381e-10
4.13	4.06646e-10
4.135	4.40172e-11
4.14	3.67289e-10
4.145	1.77571e-10
4.15	3.30194e-10
4.155	4.15061e-10
4.16	2.37525e-10
4.165	4.44444e-11
4.17	2.77475e-10
4.175	4.13957e-10
4.18	2.29368e-10
4.185	4.16428e-11
4.19	2.63947e-10
4.195	3.93268e-10
4.2	4.44929e-11
4.205	3.61991e-10
4.21	1.73414e-10
4.215	3.22226e-10
4.22	4.04679e-10
4.225	4.3771e-11
4.23	3.65593e-10
4.235	1.76687e-10
4.24	3.28618e-10
4.245	4.13058e-10
4.25	2.36365e-10
4.255	4.42007e-11
4.26	2.76147e-10
4.265	4.1206e-10
4.27	2.28236e-10
4.275	4.14199e-11
4.28	2.62672e-10
4.285	3.91485e-10
4.29	4.42599e-11
4.295	3.6039e-10
4.3	1.72632e-10
4.305	3.2077e-10
4.31	4.02915e-10
4.315	4.3558e-11
4.32	3.64046e-10
4.325	1.75914e-10
4.33	3.27218e-10
4.335	4.11332e-10
4.34	4.50932e-11
4.345	3.73612e-10
4.35	1.81375e-10
4.355	3.37655e-10
4.36	4.24618e-10
4.365	2.43494e-10
4.37	4.58575e-11
4.375	2.85475e-10
4.38	4.26233e-10
4.385	2.36471e-10
4.39	4.31504e-11
4.395	2.72875e-10
4.4	4.0696e-10
4.405	2.24408e-10
4.41	4.30598e-10
4.415	2.32806e-10
4.42	4.13592e-11
4.425	2.65174e-10
4.43	3.95157e-10
4.435	4.41601e-11
4.44	3.62245e-10
4.445	1.73024e-10
4.45	3.21415e-10
4.455	4.03543e-10
4.46	4.34875e-11
4.465	3.64077e-10
4.47	1.75626e-10
4.475	3.26656e-10
4.48	4.10415e-10
4.485	4.47552e-11
4.49	3.72208e-10
4.495	1.80457e-10
4.5	3.35923e-10
4.505	4.2233e-10
4.51	2.41934e-10
4.515	4.54436e-11
4.52	2.83448e-10
4.525	4.23184e-10
4.53	2.34553e-10
4.535	4.27157e-11
4.54	2.70527e-10
4.545	4.03489e-10
4.55	2.22349e-10
4.555	4.26637e-10
4.56	2.30582e-10
4.565	4.08843e-11
4.57	2.6243e-10
4.575	3.91122e-10
4.58	4.36329e-11
4.585	3.58396e-10
4.59	1.71054e-10
4.595	3.17823e-10
4.6	3.99014e-10
4.605	4.29429e-11
4.61	3.5988e-10
4.615	1.73526e-10
4.62	3.22703e-10
4.625	4.05463e-10
4.63	4.41676e-11
4.635	3.67637e-10
4.64	1.78197e-10
4.645	3.31635e-10
4.65	4.16948e-10
4.655	2.38859e-10
4.66	4.48308e-11
4.665	2.79734e-10
4.67	4.17622e-10
4.675	2.31515e-10
4.68	4.21192e-11
4.685	2.66923e-10
4.69	3.98044e-10
4.695	4.507e-11
4.7	3.66843e-10
4.705	1.75946e-10
4.71	3.2704e-10
4.715	4.10775e-10
4.72	4.44462e-11
4.725	3.71532e-10
4.73	1.79749e-10
4.735	3.34367e-10
4.74	4.20367e-10
4.745	2.40606e-10
4.75	4.50257e-11
4.755	2.81462e-10
4.76	4.20147e-10
4.765	2.32816e-10
4.77	4.22607e-11
4.775	2.68198e-10
4.78	3.99892e-10
4.785	4.51973e-11
4.79	3.68381e-10
4.795	1.76597e-10
4.8	3.28238e-10
4.805	4.12265e-10
4.81	4.45541e-11
4.815	3.72744e-10
4.82	1.80247e-10
4.825	3.35304e-10
4.83	4.2156e-10
4.835	2.41263e-10
4.84	4.50981e-11
4.845	2.82138e-10
4.85	4.21154e-10
4.855	2.33338e-10
4.86	4.23163e-11
4.865	2.68744e-10
4.87	4.00768e-10
4.875	4.52536e-11
4.88	3.69126e-10
4.885	1.76898e-10
4.89	3.28796e-10
4.895	4.12996e-10
4.9	4.46028e-11
4.905	3.73352e-10
4.91	1.80522e-10
4.915	3.35844e-10
4.92	4.22169e-10
4.925	2.4163e-10
4.93	4.51431e-11
4.935	2.82525e-10
4.94	4.21729e-10
4.945	2.33657e-10
4.95	4.23567e-11
4.955	2.69106e-10
4.96	4.01296e-10
4.965	4.53018e-11
4.97	3.69572e-10
4.975	1.77116e-10
4.98	3.29189e-10
4.985	4.13476e-10
4.99	2.35631e-10
4.995	4.35597e-11
5	2.74207e-10
5.005	4.09116e-10
5.01	2.26075e-10
5.015	4.33777e-10
5.02	2.34729e-10
5.025	4.16507e-11
5.03	2.67607e-10
5.035	3.9874e-10
5.04	4.44859e-11
5.045	3.65614e-10
5.05	1.74692e-10
5.055	3.24511e-10
5.06	4.07468e-10
5.065	4.38319e-11
5.07	3.67579e-10
5.075	1.77457e-10
5.08	3.29806e-10
5.085	4.14504e-10
5.09	2.36876e-10
5.095	4.40782e-11
5.1	2.76533e-10
5.105	4.12592e-10
5.11	2.28426e-10
5.115	4.12643e-11
5.12	2.62747e-10
5.125	3.91526e-10
5.13	4.40674e-11
5.135	3.60116e-10
5.14	1.72562e-10
5.145	3.20417e-10
5.15	4.02371e-10
5.155	4.33624e-11
5.16	3.63348e-10
5.165	1.75724e-10
5.17	3.26458e-10
5.175	4.10483e-10
5.18	4.48766e-11
5.185	3.7267e-10
5.19	1.81104e-10
5.195	3.36652e-10
5.2	4.23654e-10
5.205	2.42806e-10
5.21	4.56557e-11
5.215	2.84722e-10
5.22	4.25099e-10
5.225	2.35979e-10
5.23	4.29608e-11
5.235	2.72315e-10
5.24	4.0588e-10
5.245	2.24036e-10
5.25	4.29566e-10
5.255	2.32459e-10
5.26	4.11823e-11
5.265	2.64655e-10
5.27	3.94113e-10
5.275	4.39865e-11
5.28	3.61292e-10
5.285	1.72773e-10
5.29	3.20644e-10
5.295	4.02646e-10
5.3	4.33694e-11
5.305	3.63173e-10
5.31	1.75439e-10
5.315	3.25856e-10
5.32	4.09685e-10
5.325	4.46669e-11
5.33	3.71494e-10
5.335	1.80365e-10
5.34	3.35315e-10
5.345	4.21873e-10
5.35	2.41705e-10
5.355	4.53968e-11
5.36	2.83105e-10
5.365	4.22751e-10
5.37	2.34535e-10
5.375	4.26708e-11
5.38	2.70402e-10
5.385	4.03203e-10
5.39	2.22442e-10
5.395	4.26528e-10
5.4	2.30614e-10
5.405	4.08467e-11
5.41	2.62519e-10
5.415	3.9099e-10
5.42	4.36187e-11
5.425	3.58306e-10
5.43	1.71338e-10
5.435	3.17841e-10
5.44	3.99243e-10
5.445	4.29745e-11
5.45	3.60026e-10
5.455	1.73864e-10
5.46	3.22895e-10
5.465	4.06002e-10
5.47	4.42318e-11
5.475	3.68113e-10
5.48	1.78673e-10
5.485	3.32119e-10
5.49	4.17909e-10
5.495	2.39297e-10
5.5	4.49371e-11
5.505	2.80313e-10
5.51	4.18681e-10
5.515	2.32127e-10
5.52	4.22208e-11
5.525	2.67653e-10
5.53	3.99166e-10
5.535	4.52048e-11
5.54	3.67943e-10
5.545	1.76772e-10
5.55	3.28051e-10
5.555	4.1234e-10
5.56	4.46198e-11
5.565	3.72926e-10
5.57	1.80663e-10
5.575	3.35645e-10
5.58	4.22298e-10
5.585	2.41561e-10
5.59	4.52333e-11
5.595	2.82643e-10
5.6	4.22172e-10
5.605	2.33903e-10
5.61	4.24599e-11
5.615	2.69459e-10
5.62	4.01876e-10
5.625	2.21493e-10
5.63	4.24791e-10
5.635	2.29565e-10
5.64	4.0592e-11
5.645	2.60979e-10
5.65	3.88859e-10
5.655	4.33188e-11
5.66	3.56161e-10
5.665	1.70257e-10
5.67	3.15682e-10
5.675	3.96544e-10
5.68	4.26385e-11
5.685	3.57483e-10
5.69	1.7261e-10
5.695	3.20445e-10
5.7	4.02881e-10
5.705	4.3857e-11
5.71	3.65182e-10
5.715	1.77254e-10
5.72	3.29384e-10
5.725	4.14389e-10
5.73	2.37278e-10
5.735	4.45237e-11
5.74	2.77868e-10
5.745	4.14958e-10
5.75	2.3012e-10
5.755	4.18373e-11
5.76	2.65164e-10
5.765	3.95487e-10
5.77	4.47763e-11
5.775	3.64506e-10
5.78	1.75133e-10
5.785	3.24979e-10
5.79	4.08374e-10
5.795	4.41828e-11
5.8	3.69305e-10
5.805	1.78956e-10
5.81	3.32434e-10
5.815	4.1807e-10
5.82	2.3929e-10
5.825	4.47865e-11
5.83	2.79894e-10
5.835	4.17893e-10
5.84	2.31646e-10
5.845	4.20403e-11
5.85	2.66774e-10
5.855	3.97787e-10
5.86	4.49746e-11
5.865	3.66453e-10
5.87	1.7598e-10
5.875	3.26584e-10
5.88	4.10294e-10
5.885	4.4353e-11
5.89	3.70898e-10
5.895	1.79698e-10
5.9	3.33779e-10
5.905	4.19717e-10
5.91	2.40209e-10
5.915	4.4925e-11
5.92	2.80912e-10
5.925	4.1931e-10
5.93	2.32435e-10
5.935	4.21564e-11
5.94	2.67648e-10
5.945	3.98971e-10
5.95	4.50903e-11
5.955	3.67507e-10
5.96	1.76476e-10
5.965	3.27485e-10
5.97	4.11393e-10
5.975	4.44598e-11
5.98	3.71856e-10
5.985	1.80159e-10
5.99	3.34597e-10
5.995	4.20755e-10
6	2.40774e-10
6.005	4.50213e-11
6.01	2.81554e-10
6.015	4.20233e-10
6.02	2.32946e-10
6.025	4.22393e-11
6.03	2.68225e-10
6.035	3.99825e-10
6.04	4.51768e-11
6.045	3.68271e-10
6.05	1.76818e-10
6.055	3.28084e-10
6.06	4.12146e-10
6.065	4.45383e-11
6.07	3.72539e-10
6.075	1.80455e-10
6.08	3.35155e-10
6.085	4.21429e-10
6.09	2.41179e-10
6.095	4.50982e-11
6.1	2.82034e-10
6.105	4.20904e-10
6.11	2.33262e-10
6.115	4.23055e-11
6.12	2.68631e-10
6.125	4.00418e-10
6.13	4.52477e-11
6.135	3.68784e-10
6.14	1.77001e-10
6.145	3.28555e-10
6.15	4.12675e-10
6.155	4.46009e-11
6.16	3.72981e-10
6.165	1.80627e-10
6.17	3.35597e-10
6.175	4.21864e-10
6.18	2.41448e-10
6.185	4.51573e-11
6.19	2.82373e-10
6.195	4.21316e-10
6.2	2.33499e-10
6.205	4.2354e-11
6.21	2.68936e-10
6.215	4.00788e-10
6.22	4.5294e-11
6.225	3.69107e-10
6.23	1.77093e-10
6.235	3.28828e-10
6.24	4.12993e-10
6.245	4.46406e-11
6.25	3.73276e-10
6.255	1.807e-10
6.26	3.35824e-10
6.265	4.22176e-10
6.27	2.41609e-10
6.275	4.51889e-11
6.28	2.82557e-10
6.285	4.21619e-10
6.29	2.33651e-10
6.295	4.23773e-11
6.3	2.69095e-10
6.305	4.01033e-10
6.31	4.53109e-11
6.315	3.69305e-10
6.32	1.77134e-10
6.325	3.28972e-10
6.33	4.1318e-10
6.335	2.35472e-10
6.34	4.3556e-11
6.345	2.74007e-10
6.35	4.08652e-10
6.355	2.25829e-10
6.36	4.33249e-10
6.365	2.34445e-10
6.37	4.16156e-11
6.375	2.67246e-10
6.38	3.98043e-10
6.385	4.4433e-11
6.39	3.64948e-10
6.395	1.74402e-10
6.4	3.23804e-10
6.405	4.06669e-10
6.41	4.37762e-11
6.415	3.66849e-10
6.42	1.7707e-10
6.425	3.29075e-10
6.43	4.13646e-10
6.435	2.3628e-10
6.44	4.40027e-11
6.445	2.75822e-10
6.45	4.11563e-10
6.455	2.27697e-10
6.46	4.1152e-11
6.465	2.61891e-10
6.47	3.90272e-10
6.475	4.39252e-11
6.48	3.5889e-10
6.485	1.71851e-10
6.49	3.19182e-10
6.495	4.00915e-10
6.5	4.32127e-11
6.505	3.62e-10
6.51	1.74877e-10
6.515	3.2512e-10
6.52	4.08837e-10
6.525	4.46962e-11
6.53	3.71176e-10
6.535	1.8016e-10
6.54	3.3522e-10
6.545	4.2185e-10
6.55	2.41701e-10
6.555	4.54497e-11
6.56	2.83385e-10
6.565	4.23137e-10
6.57	2.34667e-10
6.575	4.27392e-11
6.58	2.70786e-10
6.585	4.0374e-10
6.59	2.22579e-10
6.595	4.27081e-10
6.6	2.3077e-10
6.605	4.09289e-11
6.61	2.62832e-10
6.615	3.91474e-10
6.62	4.36762e-11
6.625	3.58733e-10
6.63	1.71238e-10
6.635	3.18194e-10
6.64	3.996e-10
6.645	4.29946e-11
6.65	3.60373e-10
6.655	1.73763e-10
6.66	3.2319e-10
6.665	4.06313e-10
6.67	4.42521e-11
6.675	3.6839e-10
6.68	1.78551e-10
6.685	3.3236e-10
6.69	4.18174e-10
6.695	2.39416e-10
6.7	4.49547e-11
6.705	2.80487e-10
6.71	4.188e-10
6.715	2.32074e-10
6.72	4.22441e-11
6.725	2.67639e-10
6.73	3.99034e-10
6.735	4.51853e-11
6.74	3.67755e-10
6.745	1.76278e-10
6.75	3.27811e-10
6.755	4.11914e-10
6.76	4.45615e-11
6.765	3.725e-10
6.77	1.80113e-10
6.775	3.35231e-10
6.78	4.21609e-10
6.785	2.41133e-10
6.79	4.51551e-11
6.795	2.82106e-10
6.8	4.212e-10
6.805	2.33231e-10
6.81	4.23768e-11
6.815	2.68658e-10
6.82	4.00617e-10
6.825	4.52893e-11
6.83	3.68965e-10
6.835	1.76746e-10
6.84	3.28629e-10
6.845	4.12886e-10
6.85	4.46241e-11
6.855	3.73196e-10
6.86	1.80358e-10
6.865	3.35648e-10
6.87	4.2211e-10
6.875	2.41303e-10
6.88	4.51644e-11
6.885	2.82194e-10
6.89	4.21351e-10
6.895	2.33229e-10
6.9	4.23504e-11
6.905	2.68557e-10
6.91	4.00478e-10
6.915	4.52505e-11
6.92	3.68746e-10
6.925	1.76614e-10
6.93	3.28326e-10
6.935	4.125e-10
6.94	4.45657e-11
6.945	3.72752e-10
6.95	1.8013e-10
6.955	3.35146e-10
6.96	4.21481e-10
6.965	2.40897e-10
6.97	4.50687e-11
6.975	2.81668e-10
6.98	4.20544e-10
6.985	2.32699e-10
6.99	4.22451e-11
6.995	2.67941e-10
7	3.99583e-10
7.005	4.51299e-11
7.01	3.67862e-10
7.015	1.76211e-10
7.02	3.27487e-10
7.025	4.1148e-10
7.03	4.44427e-11
7.035	3.71754e-10
7.04	1.79651e-10
7.045	3.34184e-10
7.05	4.20329e-10
7.055	2.40141e-10
7.06	4.49276e-11
7.065	2.8078e-10
7.07	4.19271e-10
7.075	2.31942e-10
7.08	4.2102e-11
7.085	2.67055e-10
7.09	3.98289e-10
7.095	4.49732e-11
7.1	3.66626e-10
7.105	1.75578e-10
7.11	3.26347e-10
7.115	4.10077e-10
7.12	4.42831e-11
7.125	3.70455e-10
7.13	1.78964e-10
7.135	3.32972e-10
7.14	4.18847e-10
7.145	2.39267e-10
7.15	4.47605e-11
7.155	2.79754e-10
7.16	4.17736e-10
7.165	2.31036e-10
7.17	4.19453e-11
7.175	2.66058e-10
7.18	3.96795e-10
7.185	4.4802e-11
7.19	3.6522e-10
7.195	1.74818e-10
7.2	3.25048e-10
7.205	4.08508e-10
7.21	4.41091e-11
7.215	3.69015e-10
7.22	1.78177e-10
7.225	3.31644e-10
7.23	4.17172e-10
7.235	2.38284e-10
7.24	4.45797e-11
7.245	2.78585e-10
7.25	4.1604e-10
7.255	2.3009e-10
7.26	4.17707e-11
7.265	2.64952e-10
7.27	3.95156e-10
7.275	4.46112e-11
7.28	3.63689e-10
7.285	1.74009e-10
7.29	3.23661e-10
7.295	4.06793e-10
7.3	4.39128e-11
7.305	3.67468e-10
7.31	1.7736e-10
7.315	3.30229e-10
7.32	4.15387e-10
7.325	2.37241e-10
7.33	4.43751e-11
7.335	2.77347e-10
7.34	4.1424e-10
7.345	2.29049e-10
7.35	4.15796e-11
7.355	2.6373e-10
7.36	3.93399e-10
7.365	4.44022e-11
7.37	3.62088e-10
7.375	1.7314e-10
7.38	3.22183e-10
7.385	4.04885e-10
7.39	4.37009e-11
7.395	3.65783e-10
7.4	1.76466e-10
7.405	3.28704e-10
7.41	4.13395e-10
7.415	2.36117e-10
7.42	4.41516e-11
7.425	2.76027e-10
7.43	4.12258e-10
7.435	2.27928e-10
7.44	4.13734e-11
7.445	2.62444e-10
7.45	3.91496e-10
7.455	4.41756e-11
7.46	3.60314e-10
7.465	1.7226e-10
7.47	3.20632e-10
7.475	4.02898e-10
7.48	4.34764e-11
7.485	3.63957e-10
7.49	1.75563e-10
7.495	3.2705e-10
7.5	4.11343e-10
7.505	4.50232e-11
7.51	3.73574e-10
7.515	1.81069e-10
7.52	3.37542e-10
7.525	4.24783e-10
7.53	2.43185e-10
7.535	4.57947e-11
7.54	2.85259e-10
7.545	4.26137e-10
7.55	2.36086e-10
7.555	4.30883e-11
7.56	2.72535e-10
7.565	4.06613e-10
7.57	2.23865e-10
7.575	4.30156e-10
7.58	2.32116e-10
7.585	4.12808e-11
7.59	2.645e-10
7.595	3.94255e-10
7.6	4.40279e-11
7.605	3.6128e-10
7.61	1.72151e-10
7.615	3.2041e-10
7.62	4.02491e-10
7.625	4.3342e-11
7.63	3.62948e-10
7.635	1.74709e-10
7.64	3.25433e-10
7.645	4.09192e-10
7.65	4.45927e-11
7.655	3.70957e-10
7.66	1.79485e-10
7.665	3.34609e-10
7.67	4.21004e-10
7.675	2.40718e-10
7.68	4.52729e-11
7.685	2.82076e-10
7.69	4.21452e-10
7.695	2.33143e-10
7.7	4.25288e-11
7.705	2.6895e-10
7.71	4.01352e-10
7.715	2.20743e-10
7.72	4.24219e-10
7.725	2.28715e-10
7.73	4.06535e-11
7.735	2.60385e-10
7.74	3.88203e-10
7.745	4.33391e-11
7.75	3.55528e-10
7.755	1.69371e-10
7.76	3.15043e-10
7.765	3.95733e-10
7.77	4.26099e-11
7.775	3.56682e-10
7.78	1.71712e-10
7.785	3.19642e-10
7.79	4.01924e-10
7.795	4.38161e-11
7.8	3.64213e-10
7.805	1.76262e-10
7.81	3.28377e-10
7.815	4.13177e-10
7.82	2.36148e-10
7.825	4.44479e-11
7.83	2.76605e-10
7.835	4.133e-10
7.84	2.28638e-10
7.845	4.17296e-11
7.85	2.63622e-10
7.855	3.93421e-10
7.86	4.46035e-11
7.865	3.62418e-10
7.87	1.73578e-10
7.875	3.22873e-10
7.88	4.05756e-10
7.885	4.39766e-11
7.89	3.66772e-10
7.895	1.77227e-10
7.9	3.29906e-10
7.905	4.14949e-10
7.91	2.37001e-10
7.915	4.45206e-11
7.92	2.77294e-10
7.925	4.14239e-10
7.93	2.29043e-10
7.935	4.1754e-11
7.94	2.63877e-10
7.945	3.93761e-10
7.95	4.4609e-11
7.955	3.62527e-10
7.96	1.7362e-10
7.965	3.22799e-10
7.97	4.05663e-10
7.975	4.39565e-11
7.98	3.6652e-10
7.985	1.77097e-10
7.99	3.29501e-10
7.995	4.14527e-10
8	2.36623e-10
8.005	4.44604e-11
8.01	2.7681e-10
8.015	4.13549e-10
8.02	2.28613e-10
8.025	4.16724e-11
8.03	2.63337e-10
8.035	3.92964e-10
8.04	4.45257e-11
8.045	3.61748e-10
8.05	1.73223e-10
8.055	3.22009e-10
8.06	4.04766e-10
8.065	4.38657e-11
8.07	3.65671e-10
8.075	1.76619e-10
8.08	3.28637e-10
8.085	4.1356e-10
8.09	2.35975e-10
8.095	4.43479e-11
8.1	2.76044e-10
8.105	4.12519e-10
8.11	2.2798e-10
8.115	4.15539e-11
8.12	2.62606e-10
8.125	3.91895e-10
8.13	4.44074e-11
8.135	3.60743e-10
8.14	1.72727e-10
8.145	3.21111e-10
8.15	4.03692e-10
8.155	4.37432e-11
8.16	3.64679e-10
8.165	1.76086e-10
8.17	3.2776e-10
8.175	4.12467e-10
8.18	4.53229e-11
8.185	3.74578e-10
8.19	1.8167e-10
8.195	3.38467e-10
8.2	4.26189e-10
8.205	2.43735e-10
8.21	4.61345e-11
8.215	2.86035e-10
8.22	4.27627e-10
8.225	2.36841e-10
8.23	4.34128e-11
8.235	2.73478e-10
8.24	4.08236e-10
8.245	2.24781e-10
8.25	4.32042e-10
8.255	2.33112e-10
8.26	4.16044e-11
8.265	2.65721e-10
8.27	3.96173e-10
8.275	4.44107e-11
8.28	3.63165e-10
8.285	1.7323e-10
8.29	3.22131e-10
8.295	4.04825e-10
8.3	4.37865e-11
8.305	3.65123e-10
8.31	1.75917e-10
8.315	3.2747e-10
8.32	4.1188e-10
8.325	4.50885e-11
8.33	3.73433e-10
8.335	1.80836e-10
8.34	3.36941e-10
8.345	4.2399e-10
8.35	2.42443e-10
8.355	4.5795e-11
8.36	2.84299e-10
8.365	4.24654e-10
8.37	2.35031e-10
8.375	4.30165e-11
8.38	2.7126e-10
8.385	4.04728e-10
8.39	2.22686e-10
8.395	4.27933e-10
8.4	2.30836e-10
8.405	4.11469e-11
8.41	2.62907e-10
8.415	3.91968e-10
8.42	4.39035e-11
8.425	3.59172e-10
8.43	1.71162e-10
8.435	3.18461e-10
8.44	4.00055e-10
8.445	4.32335e-11
8.45	3.60744e-10
8.455	1.73725e-10
8.46	3.23496e-10
8.465	4.06715e-10
8.47	4.45119e-11
8.475	3.68753e-10
8.48	1.78491e-10
8.485	3.32708e-10
8.49	4.18528e-10
8.495	2.39433e-10
8.5	4.51996e-11
8.505	2.806e-10
8.51	4.19105e-10
8.515	2.32019e-10
8.52	4.24524e-11
8.525	2.67685e-10
8.53	3.99353e-10
8.535	4.5415e-11
8.54	3.68081e-10
8.545	1.76239e-10
8.55	3.28163e-10
8.555	4.12407e-10
8.56	4.48395e-11
8.565	3.72979e-10
8.57	1.80149e-10
8.575	3.35711e-10
8.58	4.22281e-10
8.585	2.41368e-10
8.59	4.54559e-11
8.595	2.82527e-10
8.6	4.2199e-10
8.605	2.33481e-10
8.61	4.26627e-11
8.615	2.69187e-10
8.62	4.01557e-10
8.625	2.2094e-10
8.63	4.24391e-10
8.635	2.28821e-10
8.64	4.07868e-11
8.645	2.60676e-10
8.65	3.88442e-10
8.655	4.35058e-11
8.66	3.55767e-10
8.665	1.6957e-10
8.67	3.15354e-10
8.675	3.96195e-10
8.68	4.28406e-11
8.685	3.57178e-10
8.69	1.72003e-10
8.695	3.20167e-10
8.7	4.02664e-10
8.705	4.41017e-11
8.71	3.64979e-10
8.715	1.76646e-10
8.72	3.29108e-10
8.725	4.14192e-10
8.73	2.36776e-10
8.735	4.4759e-11
8.74	2.7759e-10
8.745	4.14691e-10
8.75	2.29456e-10
8.755	4.20487e-11
8.76	2.64839e-10
8.765	3.95059e-10
8.77	4.49669e-11
8.775	3.64036e-10
8.78	1.74436e-10
8.785	3.24507e-10
8.79	4.07894e-10
8.795	4.44109e-11
8.8	3.68843e-10
8.805	1.78289e-10
8.81	3.31948e-10
8.815	4.17665e-10
8.82	2.38623e-10
8.825	4.50215e-11
8.83	2.79497e-10
8.835	4.17393e-10
8.84	2.30951e-10
8.845	4.22689e-11
8.85	2.66374e-10
8.855	3.97221e-10
8.86	4.51835e-11
8.865	3.65918e-10
8.87	1.75296e-10
8.875	3.2609e-10
8.88	4.0984e-10
8.885	4.46062e-11
8.89	3.70561e-10
8.895	1.79055e-10
8.9	3.33397e-10
8.905	4.19467e-10
8.91	2.39637e-10
8.915	4.52089e-11
8.92	2.80655e-10
8.925	4.19099e-10
8.93	2.31851e-10
8.935	4.24287e-11
8.94	2.67405e-10
8.945	3.98821e-10
8.95	4.53644e-11
8.955	3.67395e-10
8.96	1.75953e-10
8.965	3.27377e-10
8.97	4.11442e-10
8.975	4.47889e-11
8.98	3.72033e-10
8.985	1.79723e-10
8.99	3.34727e-10
8.995	4.21137e-10
9	2.4056e-10
9.005	4.5392e-11
9.01	2.8176e-10
9.015	4.20802e-10
9.02	2.32748e-10
9.025	4.25999e-11
9.03	2.68468e-10
9.035	4.00458e-10
9.04	4.55564e-11
9.045	3.68944e-10
9.05	1.7662e-10
9.055	3.2876e-10
9.06	4.13202e-10
9.065	2.35093e-10
9.07	4.38991e-11
9.075	2.74078e-10
9.08	4.09134e-10
9.085	2.25721e-10
9.09	4.34054e-10
9.095	2.34516e-10
9.1	4.20297e-11
9.105	2.67683e-10
9.11	3.99118e-10
9.115	4.49059e-11
9.12	3.66247e-10
9.125	1.74733e-10
9.13	3.25233e-10
9.135	4.08643e-10
9.14	4.431e-11
9.145	3.68963e-10
9.15	1.77795e-10
9.155	3.31271e-10
9.16	4.16603e-10
9.165	2.37726e-10
9.17	4.46785e-11
9.175	2.77939e-10
9.18	4.15075e-10
9.185	2.29407e-10
9.19	4.1872e-11
9.195	2.64275e-10
9.2	3.94162e-10
9.205	4.47207e-11
9.21	3.62879e-10
9.215	1.73527e-10
9.22	3.23073e-10
9.225	4.05996e-10
9.23	4.41065e-11
9.235	3.66906e-10
9.24	1.77043e-10
9.245	3.29956e-10
9.25	4.15028e-10
9.255	2.37054e-10
9.26	4.46529e-11
9.265	2.7744e-10
9.27	4.14298e-10
9.275	2.29136e-10
9.28	4.19166e-11
9.285	2.642e-10
9.29	3.94085e-10
9.295	4.48061e-11
9.3	3.63041e-10
9.305	1.73695e-10
9.31	3.2352e-10
9.315	4.06559e-10
9.32	4.42325e-11
9.325	3.67591e-10
9.33	1.77435e-10
9.335	3.30793e-10
9.34	4.16174e-10
9.345	2.37799e-10
9.35	4.48476e-11
9.355	2.78432e-10
9.36	4.15824e-10
9.365	2.30038e-10
9.37	4.21396e-11
9.375	2.65366e-10
9.38	3.95863e-10
9.385	4.50626e-11
9.39	3.64808e-10
9.395	1.74568e-10
9.4	3.25231e-10
9.405	4.08827e-10
9.41	4.45166e-11
9.415	3.69756e-10
9.42	1.78464e-10
9.425	3.32789e-10
9.43	4.18835e-10
9.435	2.39283e-10
9.44	4.51717e-11
9.445	2.80249e-10
9.45	4.18719e-10
9.455	2.31615e-10
9.46	4.24604e-11
9.465	2.67271e-10
9.47	3.98843e-10
9.475	4.54222e-11
9.48	3.67636e-10
9.485	1.7588e-10
9.49	3.27755e-10
9.495	4.12178e-10
9.5	4.48968e-11
9.505	3.72881e-10
9.51	1.79898e-10
9.515	3.35591e-10
9.52	4.22526e-10
9.525	2.41297e-10
9.53	4.55811e-11
9.535	2.82675e-10
9.54	4.22573e-10
9.545	2.33643e-10
9.55	4.28524e-11
9.555	2.69676e-10
9.56	4.02595e-10
9.565	2.21448e-10
9.57	4.2597e-10
9.575	2.29543e-10
9.58	4.10869e-11
9.585	2.61851e-10
9.59	3.90517e-10
9.595	4.38797e-11
9.6	3.58057e-10
9.605	1.70517e-10
9.61	3.17706e-10
9.615	3.99477e-10
9.62	4.33074e-11
9.625	3.60496e-10
9.63	1.73418e-10
9.635	3.23474e-10
9.64	4.07117e-10
9.645	4.46804e-11
9.65	3.69387e-10
9.655	1.78556e-10
9.66	3.33393e-10
9.665	4.19929e-10
9.67	2.39951e-10
9.675	4.54931e-11
9.68	2.81668e-10
9.685	4.2127e-10
9.69	2.32942e-10
9.695	4.28339e-11
9.7	2.69262e-10
9.705	4.02177e-10
9.71	2.21173e-10
9.715	4.25905e-10
9.72	2.29536e-10
9.725	4.11394e-11
9.73	2.61971e-10
9.735	3.9095e-10
9.74	4.39582e-11
9.745	3.58744e-10
9.75	1.70848e-10
9.755	3.18498e-10
9.76	4.00572e-10
9.765	4.34229e-11
9.77	3.61716e-10
9.775	1.73996e-10
9.78	3.24686e-10
9.785	4.08722e-10
9.79	4.48466e-11
9.795	3.71021e-10
9.8	1.79349e-10
9.805	3.35015e-10
9.81	4.21979e-10
9.815	2.41143e-10
9.82	4.57082e-11
9.825	2.83117e-10
9.83	4.23585e-10
9.835	2.34243e-10
9.84	4.30552e-11
9.845	2.70821e-10
9.85	4.04628e-10
9.855	2.22575e-10
9.86	4.28575e-10
9.865	2.3101e-10
9.87	4.13946e-11
9.875	2.63826e-10
9.88	3.93691e-10
9.885	4.42467e-11
9.89	3.61299e-10
9.895	1.72128e-10
9.9	3.20919e-10
9.905	4.03481e-10
9.91	4.37477e-11
9.915	3.64433e-10
9.92	1.75377e-10
9.925	3.27343e-10
9.93	4.11899e-10
9.935	4.52025e-11
9.94	3.74003e-10
9.945	1.80857e-10
9.95	3.37896e-10
9.955	4.2545e-10
9.96	2.43189e-10
9.965	4.61033e-11
9.97	2.85714e-10
9.975	4.27283e-10
9.98	2.3637e-10
9.985	4.34504e-11
9.99	2.73409e-10
9.995	4.08376e-10
10	2.24685e-10
