0.005	-1.08272e-13
0.01	-1.21327e-12
0.015	5.5984e-09
0.02	-5.22654e-08
0.025	-3.30776e-09
0.03	-2.9558e-08
0.035	9.25966e-09
0.04	-3.47453e-08
0.045	3.36467e-09
0.05	-1.36213e-07
0.055	-1.28583e-07
0.06	-1.73644e-07
0.065	-1.74874e-07
0.07	-1.82975e-07
0.075	-1.81399e-07
0.08	-1.85306e-07
0.085	-1.75667e-07
0.09	-1.73843e-07
0.095	-1.70988e-07
0.1	-1.73012e-07
0.105	-1.69505e-07
0.11	-1.6894e-07
0.115	-1.67749e-07
0.12	-1.67262e-07
0.125	-1.6665e-07
0.13	-1.69982e-07
0.135	-1.69644e-07
0.14	-1.70539e-07
0.145	-1.70266e-07
0.15	-1.70627e-07
0.155	-1.70092e-07
0.16	-1.70179e-07
0.165	-1.70508e-07
0.17	-1.70604e-07
0.175	-1.7078e-07
0.18	-1.70502e-07
0.185	-1.70408e-07
0.19	-1.70277e-07
0.195	-1.70433e-07
0.2	-1.7036e-07
0.205	-1.70342e-07
0.21	-1.70197e-07
0.215	-1.6996e-07
0.22	-1.6986e-07
0.225	-1.69721e-07
0.23	-1.69681e-07
0.235	-1.69663e-07
0.24	-1.69657e-07
0.245	-1.69635e-07
0.25	-1.6966e-07
0.255	-1.69598e-07
0.26	-1.69522e-07
0.265	-1.69459e-07
0.27	-1.69365e-07
0.275	-1.69266e-07
0.28	-1.69181e-07
0.285	-1.69098e-07
0.29	-1.69013e-07
0.295	-1.68958e-07
0.3	-1.68964e-07
0.305	-1.68931e-07
0.31	-1.68854e-07
0.315	-1.6878e-07
0.32	-1.6872e-07
0.325	-1.68689e-07
0.33	-1.68686e-07
0.335	-1.68711e-07
0.34	-1.68761e-07
0.345	-1.68795e-07
0.35	-1.68838e-07
0.355	-1.68881e-07
0.36	-1.68925e-07
0.365	-1.68971e-07
0.37	-1.69015e-07
0.375	-1.6905e-07
0.38	-1.6907e-07
0.385	-1.69064e-07
0.39	-1.69032e-07
0.395	-1.68976e-07
0.4	-1.68896e-07
0.405	-1.68795e-07
0.41	-1.68675e-07
0.415	-1.6854e-07
0.42	-1.684e-07
0.425	-1.68266e-07
0.43	-1.68172e-07
0.435	-1.68117e-07
0.44	-1.68099e-07
0.445	-1.68113e-07
0.45	-1.68151e-07
0.455	-1.68212e-07
0.46	-1.68292e-07
0.465	-1.68382e-07
0.47	-1.68478e-07
0.475	-1.6858e-07
0.48	-1.68685e-07
0.485	-1.68794e-07
0.49	-1.68904e-07
0.495	-1.69013e-07
0.5	-1.69121e-07
0.505	-1.69227e-07
0.51	-1.69331e-07
0.515	-1.69432e-07
0.52	-1.6953e-07
0.525	-1.69624e-07
0.53	-1.69715e-07
0.535	-1.69802e-07
0.54	-1.69884e-07
0.545	-1.69961e-07
0.55	-1.70033e-07
0.555	-1.70099e-07
0.56	-1.70159e-07
0.565	-1.70212e-07
0.57	-1.70258e-07
0.575	-1.70298e-07
0.58	-1.70329e-07
0.585	-1.70353e-07
0.59	-1.70368e-07
0.595	-1.70375e-07
0.6	-1.70374e-07
0.605	-1.70363e-07
0.61	-1.70344e-07
0.615	-1.70316e-07
0.62	-1.70279e-07
0.625	-1.70233e-07
0.63	-1.70178e-07
0.635	-1.70115e-07
0.64	-1.70043e-07
0.645	-1.69964e-07
0.65	-1.69876e-07
0.655	-1.69782e-07
0.66	-1.6968e-07
0.665	-1.69571e-07
0.67	-1.69457e-07
0.675	-1.69337e-07
0.68	-1.69211e-07
0.685	-1.69081e-07
0.69	-1.68946e-07
0.695	-1.68807e-07
0.7	-1.68664e-07
0.705	-1.68518e-07
0.71	-1.68369e-07
0.715	-1.68217e-07
0.72	-1.68062e-07
0.725	-1.67906e-07
0.73	-1.67748e-07
0.735	-1.67588e-07
0.74	-1.67427e-07
0.745	-1.67265e-07
0.75	-1.67102e-07
0.755	-1.66938e-07
0.76	-1.66773e-07
0.765	-1.66608e-07
0.77	-1.66442e-07
0.775	-1.66276e-07
0.78	-1.66109e-07
0.785	-1.65942e-07
0.79	-1.65775e-07
0.795	-1.65607e-07
0.8	-1.65439e-07
0.805	-1.6527e-07
0.81	-1.65101e-07
0.815	-1.64932e-07
0.82	-1.64761e-07
0.825	-1.6459e-07
0.83	-1.64418e-07
0.835	-1.64246e-07
0.84	-1.64071e-07
0.845	-1.63896e-07
0.85	-1.6372e-07
0.855	-1.63541e-07
0.86	-1.63361e-07
0.865	-1.6318e-07
0.87	-1.62996e-07
0.875	-1.62811e-07
0.88	-1.62623e-07
0.885	-1.62433e-07
0.89	-1.6224e-07
0.895	-1.62044e-07
0.9	-1.61847e-07
0.905	-1.61646e-07
0.91	-1.61442e-07
0.915	-1.61236e-07
0.92	-1.61027e-07
0.925	-1.60814e-07
0.93	-1.60599e-07
0.935	-1.60381e-07
0.94	-1.60161e-07
0.945	-1.59937e-07
0.95	-1.59711e-07
0.955	-1.59482e-07
0.96	-1.59251e-07
0.965	-1.59018e-07
0.97	-1.58782e-07
0.975	-1.58544e-07
0.98	-1.58304e-07
0.985	-1.58062e-07
0.99	-1.57818e-07
0.995	-1.57573e-07
1	-1.57326e-07
1.005	-1.57078e-07
1.01	-1.56829e-07
1.015	-1.5658e-07
1.02	-1.56329e-07
1.025	-1.56077e-07
1.03	-1.55825e-07
1.035	-1.55573e-07
1.04	-1.55321e-07
1.045	-1.55068e-07
1.05	-1.54815e-07
1.055	-1.54563e-07
1.06	-1.54311e-07
1.065	-1.5406e-07
1.07	-1.53809e-07
1.075	-1.53559e-07
1.08	-1.5331e-07
1.085	-1.53063e-07
1.09	-1.52816e-07
1.095	-1.52571e-07
1.1	-1.52327e-07
1.105	-1.52084e-07
1.11	-1.51844e-07
1.115	-1.51605e-07
1.12	-1.51368e-07
1.125	-1.51133e-07
1.13	-1.50901e-07
1.135	-1.50671e-07
1.14	-1.50442e-07
1.145	-1.50217e-07
1.15	-1.49993e-07
1.155	-1.49772e-07
1.16	-1.49554e-07
1.165	-1.49339e-07
1.17	-1.49126e-07
1.175	-1.48916e-07
1.18	-1.48709e-07
1.185	-1.48504e-07
1.19	-1.48303e-07
1.195	-1.48104e-07
1.2	-1.47909e-07
1.205	-1.47716e-07
1.21	-1.47526e-07
1.215	-1.47339e-07
1.22	-1.47155e-07
1.225	-1.46973e-07
1.23	-1.46795e-07
1.235	-1.4662e-07
1.24	-1.46447e-07
1.245	-1.46277e-07
1.25	-1.4611e-07
1.255	-1.45946e-07
1.26	-1.45784e-07
1.265	-1.45625e-07
1.27	-1.45469e-07
1.275	-1.45315e-07
1.28	-1.45164e-07
1.285	-1.45015e-07
1.29	-1.44869e-07
1.295	-1.44725e-07
1.3	-1.44584e-07
1.305	-1.44444e-07
1.31	-1.44308e-07
1.315	-1.44173e-07
1.32	-1.44041e-07
1.325	-1.4391e-07
1.33	-1.43782e-07
1.335	-1.43656e-07
1.34	-1.43532e-07
1.345	-1.4341e-07
1.35	-1.4329e-07
1.355	-1.43171e-07
1.36	-1.43054e-07
1.365	-1.4294e-07
1.37	-1.42826e-07
1.375	-1.42715e-07
1.38	-1.42605e-07
1.385	-1.42496e-07
1.39	-1.42389e-07
1.395	-1.42284e-07
1.4	-1.4218e-07
1.405	-1.42077e-07
1.41	-1.41976e-07
1.415	-1.41875e-07
1.42	-1.41776e-07
1.425	-1.41678e-07
1.43	-1.41581e-07
1.435	-1.41485e-07
1.44	-1.41391e-07
1.445	-1.41296e-07
1.45	-1.41203e-07
1.455	-1.41111e-07
1.46	-1.41019e-07
1.465	-1.40928e-07
1.47	-1.40838e-07
1.475	-1.40749e-07
1.48	-1.4066e-07
1.485	-1.40571e-07
1.49	-1.40483e-07
1.495	-1.40396e-07
1.5	-1.40309e-07
1.505	-1.40222e-07
1.51	-1.40136e-07
1.515	-1.4005e-07
1.52	-1.39965e-07
1.525	-1.39879e-07
1.53	-1.39794e-07
1.535	-1.3971e-07
1.54	-1.39625e-07
1.545	-1.3954e-07
1.55	-1.39456e-07
1.555	-1.39372e-07
1.56	-1.39288e-07
1.565	-1.39204e-07
1.57	-1.3912e-07
1.575	-1.39036e-07
1.58	-1.38952e-07
1.585	-1.38868e-07
1.59	-1.38785e-07
1.595	-1.38701e-07
1.6	-1.38617e-07
1.605	-1.38534e-07
1.61	-1.38451e-07
1.615	-1.38367e-07
1.62	-1.38284e-07
1.625	-1.38201e-07
1.63	-1.38118e-07
1.635	-1.38034e-07
1.64	-1.37952e-07
1.645	-1.37869e-07
1.65	-1.37786e-07
1.655	-1.37703e-07
1.66	-1.37621e-07
1.665	-1.37539e-07
1.67	-1.37456e-07
1.675	-1.37374e-07
1.68	-1.37293e-07
1.685	-1.37211e-07
1.69	-1.37129e-07
1.695	-1.37048e-07
1.7	-1.36967e-07
1.705	-1.36886e-07
1.71	-1.36806e-07
1.715	-1.36725e-07
1.72	-1.36645e-07
1.725	-1.36566e-07
1.73	-1.36486e-07
1.735	-1.36407e-07
1.74	-1.36328e-07
1.745	-1.3625e-07
1.75	-1.36172e-07
1.755	-1.36094e-07
1.76	-1.36017e-07
1.765	-1.3594e-07
1.77	-1.35863e-07
1.775	-1.35787e-07
1.78	-1.35712e-07
1.785	-1.35636e-07
1.79	-1.35561e-07
1.795	-1.35487e-07
1.8	-1.35413e-07
1.805	-1.3534e-07
1.81	-1.35267e-07
1.815	-1.35194e-07
1.82	-1.35122e-07
1.825	-1.3505e-07
1.83	-1.34979e-07
1.835	-1.34908e-07
1.84	-1.34838e-07
1.845	-1.34769e-07
1.85	-1.34699e-07
1.855	-1.34631e-07
1.86	-1.34563e-07
1.865	-1.34495e-07
1.87	-1.34428e-07
1.875	-1.34361e-07
1.88	-1.34295e-07
1.885	-1.3423e-07
1.89	-1.34165e-07
1.895	-1.341e-07
1.9	-1.34036e-07
1.905	-1.33973e-07
1.91	-1.3391e-07
1.915	-1.33848e-07
1.92	-1.33786e-07
1.925	-1.33725e-07
1.93	-1.33664e-07
1.935	-1.33603e-07
1.94	-1.33544e-07
1.945	-1.33485e-07
1.95	-1.33426e-07
1.955	-1.33368e-07
1.96	-1.3331e-07
1.965	-1.33253e-07
1.97	-1.33196e-07
1.975	-1.3314e-07
1.98	-1.33085e-07
1.985	-1.3303e-07
1.99	-1.32975e-07
1.995	-1.32921e-07
2	-1.32867e-07
2.005	-1.32814e-07
2.01	-1.32762e-07
2.015	-1.3271e-07
2.02	-1.32658e-07
2.025	-1.32607e-07
2.03	-1.32556e-07
2.035	-1.32506e-07
2.04	-1.32456e-07
2.045	-1.32407e-07
2.05	-1.32358e-07
2.055	-1.3231e-07
2.06	-1.32262e-07
2.065	-1.32214e-07
2.07	-1.32167e-07
2.075	-1.3212e-07
2.08	-1.32074e-07
2.085	-1.32028e-07
2.09	-1.31983e-07
2.095	-1.31938e-07
2.1	-1.31893e-07
2.105	-1.31849e-07
2.11	-1.31805e-07
2.115	-1.31762e-07
2.12	-1.31719e-07
2.125	-1.31676e-07
2.13	-1.31634e-07
2.135	-1.31592e-07
2.14	-1.31551e-07
2.145	-1.3151e-07
2.15	-1.31469e-07
2.155	-1.31429e-07
2.16	-1.31389e-07
2.165	-1.3135e-07
2.17	-1.31311e-07
2.175	-1.31272e-07
2.18	-1.31234e-07
2.185	-1.31196e-07
2.19	-1.31158e-07
2.195	-1.31121e-07
2.2	-1.31084e-07
2.205	-1.31048e-07
2.21	-1.31012e-07
2.215	-1.30976e-07
2.22	-1.30941e-07
2.225	-1.30906e-07
2.23	-1.30871e-07
2.235	-1.30837e-07
2.24	-1.30803e-07
2.245	-1.3077e-07
2.25	-1.30737e-07
2.255	-1.30704e-07
2.26	-1.30671e-07
2.265	-1.30639e-07
2.27	-1.30608e-07
2.275	-1.30576e-07
2.28	-1.30546e-07
2.285	-1.30515e-07
2.29	-1.30485e-07
2.295	-1.30455e-07
2.3	-1.30425e-07
2.305	-1.30396e-07
2.31	-1.30367e-07
2.315	-1.30339e-07
2.32	-1.30311e-07
2.325	-1.30283e-07
2.33	-1.30256e-07
2.335	-1.30229e-07
2.34	-1.30202e-07
2.345	-1.30175e-07
2.35	-1.30149e-07
2.355	-1.30123e-07
2.36	-1.30098e-07
2.365	-1.30073e-07
2.37	-1.30048e-07
2.375	-1.30024e-07
2.38	-1.29999e-07
2.385	-1.29975e-07
2.39	-1.29952e-07
2.395	-1.29929e-07
2.4	-1.29906e-07
2.405	-1.29883e-07
2.41	-1.2986e-07
2.415	-1.29838e-07
2.42	-1.29816e-07
2.425	-1.29795e-07
2.43	-1.29774e-07
2.435	-1.29752e-07
2.44	-1.29732e-07
2.445	-1.29711e-07
2.45	-1.29691e-07
2.455	-1.29671e-07
2.46	-1.29651e-07
2.465	-1.29631e-07
2.47	-1.29612e-07
2.475	-1.29593e-07
2.48	-1.29574e-07
2.485	-1.29555e-07
2.49	-1.29537e-07
2.495	-1.29518e-07
2.5	-1.295e-07
2.505	-1.29482e-07
2.51	-1.29465e-07
2.515	-1.29447e-07
2.52	-1.2943e-07
2.525	-1.29413e-07
2.53	-1.29396e-07
2.535	-1.29379e-07
2.54	-1.29362e-07
2.545	-1.29346e-07
2.55	-1.2933e-07
2.555	-1.29313e-07
2.56	-1.29297e-07
2.565	-1.29282e-07
2.57	-1.29266e-07
2.575	-1.2925e-07
2.58	-1.29235e-07
2.585	-1.29219e-07
2.59	-1.29204e-07
2.595	-1.29189e-07
2.6	-1.29174e-07
2.605	-1.29159e-07
2.61	-1.29145e-07
2.615	-1.2913e-07
2.62	-1.29116e-07
2.625	-1.29101e-07
2.63	-1.29087e-07
2.635	-1.29073e-07
2.64	-1.29059e-07
2.645	-1.29045e-07
2.65	-1.29031e-07
2.655	-1.29017e-07
2.66	-1.29003e-07
2.665	-1.2899e-07
2.67	-1.28976e-07
2.675	-1.28963e-07
2.68	-1.2895e-07
2.685	-1.28936e-07
2.69	-1.28923e-07
2.695	-1.2891e-07
2.7	-1.28897e-07
2.705	-1.28884e-07
2.71	-1.28871e-07
2.715	-1.28859e-07
2.72	-1.28846e-07
2.725	-1.28833e-07
2.73	-1.28821e-07
2.735	-1.28809e-07
2.74	-1.28796e-07
2.745	-1.28784e-07
2.75	-1.28772e-07
2.755	-1.2876e-07
2.76	-1.28748e-07
2.765	-1.28736e-07
2.77	-1.28724e-07
2.775	-1.28712e-07
2.78	-1.287e-07
2.785	-1.28688e-07
2.79	-1.28677e-07
2.795	-1.28665e-07
2.8	-1.28654e-07
2.805	-1.28642e-07
2.81	-1.28631e-07
2.815	-1.2862e-07
2.82	-1.28609e-07
2.825	-1.28598e-07
2.83	-1.28587e-07
2.835	-1.28576e-07
2.84	-1.28565e-07
2.845	-1.28554e-07
2.85	-1.28543e-07
2.855	-1.28533e-07
2.86	-1.28522e-07
2.865	-1.28512e-07
2.87	-1.28502e-07
2.875	-1.28491e-07
2.88	-1.28481e-07
2.885	-1.28471e-07
2.89	-1.28461e-07
2.895	-1.28451e-07
2.9	-1.28441e-07
2.905	-1.28431e-07
2.91	-1.28422e-07
2.915	-1.28412e-07
2.92	-1.28402e-07
2.925	-1.28393e-07
2.93	-1.28383e-07
2.935	-1.28374e-07
2.94	-1.28365e-07
2.945	-1.28356e-07
2.95	-1.28347e-07
2.955	-1.28338e-07
2.96	-1.28329e-07
2.965	-1.2832e-07
2.97	-1.28311e-07
2.975	-1.28303e-07
2.98	-1.28294e-07
2.985	-1.28286e-07
2.99	-1.28277e-07
2.995	-1.28269e-07
3	-1.28261e-07
3.005	-1.28252e-07
3.01	-1.28244e-07
3.015	-1.28236e-07
3.02	-1.28229e-07
3.025	-1.28221e-07
3.03	-1.28213e-07
3.035	-1.28205e-07
3.04	-1.28198e-07
3.045	-1.2819e-07
3.05	-1.28183e-07
3.055	-1.28175e-07
3.06	-1.28168e-07
3.065	-1.28161e-07
3.07	-1.28154e-07
3.075	-1.28147e-07
3.08	-1.2814e-07
3.085	-1.28133e-07
3.09	-1.28126e-07
3.095	-1.2812e-07
3.1	-1.28113e-07
3.105	-1.28106e-07
3.11	-1.281e-07
3.115	-1.28093e-07
3.12	-1.28087e-07
3.125	-1.28081e-07
3.13	-1.28075e-07
3.135	-1.28069e-07
3.14	-1.28062e-07
3.145	-1.28056e-07
3.15	-1.28051e-07
3.155	-1.28045e-07
3.16	-1.28039e-07
3.165	-1.28033e-07
3.17	-1.28028e-07
3.175	-1.28022e-07
3.18	-1.28016e-07
3.185	-1.28011e-07
3.19	-1.28006e-07
3.195	-1.28e-07
3.2	-1.27995e-07
3.205	-1.2799e-07
3.21	-1.27985e-07
3.215	-1.2798e-07
3.22	-1.27975e-07
3.225	-1.2797e-07
3.23	-1.27965e-07
3.235	-1.2796e-07
3.24	-1.27955e-07
3.245	-1.2795e-07
3.25	-1.27946e-07
3.255	-1.27941e-07
3.26	-1.27936e-07
3.265	-1.27932e-07
3.27	-1.27927e-07
3.275	-1.27923e-07
3.28	-1.27919e-07
3.285	-1.27914e-07
3.29	-1.2791e-07
3.295	-1.27906e-07
3.3	-1.27902e-07
3.305	-1.27898e-07
3.31	-1.27893e-07
3.315	-1.27889e-07
3.32	-1.27885e-07
3.325	-1.27881e-07
3.33	-1.27878e-07
3.335	-1.27874e-07
3.34	-1.2787e-07
3.345	-1.27866e-07
3.35	-1.27862e-07
3.355	-1.27859e-07
3.36	-1.27855e-07
3.365	-1.27852e-07
3.37	-1.27848e-07
3.375	-1.27845e-07
3.38	-1.27841e-07
3.385	-1.27838e-07
3.39	-1.27834e-07
3.395	-1.27831e-07
3.4	-1.27828e-07
3.405	-1.27824e-07
3.41	-1.27821e-07
3.415	-1.27818e-07
3.42	-1.27815e-07
3.425	-1.27811e-07
3.43	-1.27808e-07
3.435	-1.27805e-07
3.44	-1.27802e-07
3.445	-1.27799e-07
3.45	-1.27796e-07
3.455	-1.27793e-07
3.46	-1.2779e-07
3.465	-1.27788e-07
3.47	-1.27785e-07
3.475	-1.27782e-07
3.48	-1.27779e-07
3.485	-1.27776e-07
3.49	-1.27774e-07
3.495	-1.27771e-07
3.5	-1.27768e-07
3.505	-1.27766e-07
3.51	-1.27763e-07
3.515	-1.2776e-07
3.52	-1.27758e-07
3.525	-1.27755e-07
3.53	-1.27753e-07
3.535	-1.2775e-07
3.54	-1.27748e-07
3.545	-1.27746e-07
3.55	-1.27743e-07
3.555	-1.27741e-07
3.56	-1.27738e-07
3.565	-1.27736e-07
3.57	-1.27734e-07
3.575	-1.27732e-07
3.58	-1.27729e-07
3.585	-1.27727e-07
3.59	-1.27725e-07
3.595	-1.27723e-07
3.6	-1.27721e-07
3.605	-1.27718e-07
3.61	-1.27716e-07
3.615	-1.27714e-07
3.62	-1.27712e-07
3.625	-1.2771e-07
3.63	-1.27708e-07
3.635	-1.27706e-07
3.64	-1.27704e-07
3.645	-1.27702e-07
3.65	-1.277e-07
3.655	-1.27698e-07
3.66	-1.27696e-07
3.665	-1.27695e-07
3.67	-1.27693e-07
3.675	-1.27691e-07
3.68	-1.27689e-07
3.685	-1.27687e-07
3.69	-1.27685e-07
3.695	-1.27684e-07
3.7	-1.27682e-07
3.705	-1.2768e-07
3.71	-1.27678e-07
3.715	-1.27677e-07
3.72	-1.27675e-07
3.725	-1.27673e-07
3.73	-1.27671e-07
3.735	-1.2767e-07
3.74	-1.27668e-07
3.745	-1.27667e-07
3.75	-1.27665e-07
3.755	-1.27663e-07
3.76	-1.27662e-07
3.765	-1.2766e-07
3.77	-1.27659e-07
3.775	-1.27657e-07
3.78	-1.27656e-07
3.785	-1.27654e-07
3.79	-1.27653e-07
3.795	-1.27651e-07
3.8	-1.2765e-07
3.805	-1.27648e-07
3.81	-1.27647e-07
3.815	-1.27645e-07
3.82	-1.27644e-07
3.825	-1.27642e-07
3.83	-1.27641e-07
3.835	-1.2764e-07
3.84	-1.27638e-07
3.845	-1.27637e-07
3.85	-1.27635e-07
3.855	-1.27634e-07
3.86	-1.27633e-07
3.865	-1.27631e-07
3.87	-1.2763e-07
3.875	-1.27629e-07
3.88	-1.27628e-07
3.885	-1.27626e-07
3.89	-1.27625e-07
3.895	-1.27624e-07
3.9	-1.27622e-07
3.905	-1.27621e-07
3.91	-1.2762e-07
3.915	-1.27619e-07
3.92	-1.27618e-07
3.925	-1.27616e-07
3.93	-1.27615e-07
3.935	-1.27614e-07
3.94	-1.27613e-07
3.945	-1.27612e-07
3.95	-1.27611e-07
3.955	-1.2761e-07
3.96	-1.27608e-07
3.965	-1.27607e-07
3.97	-1.27606e-07
3.975	-1.27605e-07
3.98	-1.27604e-07
3.985	-1.27603e-07
3.99	-1.27602e-07
3.995	-1.27601e-07
4	-1.276e-07
4.005	-1.27599e-07
4.01	-1.27598e-07
4.015	-1.27597e-07
4.02	-1.27596e-07
4.025	-1.27595e-07
4.03	-1.27594e-07
4.035	-1.27593e-07
4.04	-1.27592e-07
4.045	-1.27591e-07
4.05	-1.2759e-07
4.055	-1.27589e-07
4.06	-1.27588e-07
4.065	-1.27587e-07
4.07	-1.27586e-07
4.075	-1.27586e-07
4.08	-1.27585e-07
4.085	-1.27584e-07
4.09	-1.27583e-07
4.095	-1.27582e-07
4.1	-1.27581e-07
4.105	-1.27581e-07
4.11	-1.2758e-07
4.115	-1.27579e-07
4.12	-1.27578e-07
4.125	-1.27577e-07
4.13	-1.27577e-07
4.135	-1.27576e-07
4.14	-1.27575e-07
4.145	-1.27574e-07
4.15	-1.27573e-07
4.155	-1.27573e-07
4.16	-1.27572e-07
4.165	-1.27571e-07
4.17	-1.27571e-07
4.175	-1.2757e-07
4.18	-1.27569e-07
4.185	-1.27569e-07
4.19	-1.27568e-07
4.195	-1.27567e-07
4.2	-1.27567e-07
4.205	-1.27566e-07
4.21	-1.27565e-07
4.215	-1.27565e-07
4.22	-1.27564e-07
4.225	-1.27563e-07
4.23	-1.27563e-07
4.235	-1.27562e-07
4.24	-1.27561e-07
4.245	-1.27561e-07
4.25	-1.2756e-07
4.255	-1.2756e-07
4.26	-1.27559e-07
4.265	-1.27559e-07
4.27	-1.27558e-07
4.275	-1.27558e-07
4.28	-1.27557e-07
4.285	-1.27556e-07
4.29	-1.27556e-07
4.295	-1.27555e-07
4.3	-1.27555e-07
4.305	-1.27554e-07
4.31	-1.27554e-07
4.315	-1.27553e-07
4.32	-1.27553e-07
4.325	-1.27552e-07
4.33	-1.27552e-07
4.335	-1.27551e-07
4.34	-1.27551e-07
4.345	-1.27551e-07
4.35	-1.2755e-07
4.355	-1.2755e-07
4.36	-1.27549e-07
4.365	-1.27549e-07
4.37	-1.27548e-07
4.375	-1.27548e-07
4.38	-1.27547e-07
4.385	-1.27547e-07
4.39	-1.27547e-07
4.395	-1.27546e-07
4.4	-1.27546e-07
4.405	-1.27545e-07
4.41	-1.27545e-07
4.415	-1.27545e-07
4.42	-1.27544e-07
4.425	-1.27544e-07
4.43	-1.27543e-07
4.435	-1.27543e-07
4.44	-1.27543e-07
4.445	-1.27542e-07
4.45	-1.27542e-07
4.455	-1.27542e-07
4.46	-1.27541e-07
4.465	-1.27541e-07
4.47	-1.27541e-07
4.475	-1.2754e-07
4.48	-1.2754e-07
4.485	-1.2754e-07
4.49	-1.27539e-07
4.495	-1.27539e-07
4.5	-1.27539e-07
4.505	-1.27538e-07
4.51	-1.27538e-07
4.515	-1.27538e-07
4.52	-1.27537e-07
4.525	-1.27537e-07
4.53	-1.27537e-07
4.535	-1.27537e-07
4.54	-1.27536e-07
4.545	-1.27536e-07
4.55	-1.27536e-07
4.555	-1.27535e-07
4.56	-1.27535e-07
4.565	-1.27535e-07
4.57	-1.27535e-07
4.575	-1.27534e-07
4.58	-1.27534e-07
4.585	-1.27534e-07
4.59	-1.27534e-07
4.595	-1.27533e-07
4.6	-1.27533e-07
4.605	-1.27533e-07
4.61	-1.27533e-07
4.615	-1.27532e-07
4.62	-1.27532e-07
4.625	-1.27532e-07
4.63	-1.27532e-07
4.635	-1.27531e-07
4.64	-1.27531e-07
4.645	-1.27531e-07
4.65	-1.27531e-07
4.655	-1.2753e-07
4.66	-1.2753e-07
4.665	-1.2753e-07
4.67	-1.2753e-07
4.675	-1.2753e-07
4.68	-1.27529e-07
4.685	-1.27529e-07
4.69	-1.27529e-07
4.695	-1.27529e-07
4.7	-1.27528e-07
4.705	-1.27528e-07
4.71	-1.27528e-07
4.715	-1.27528e-07
4.72	-1.27528e-07
4.725	-1.27527e-07
4.73	-1.27527e-07
4.735	-1.27527e-07
4.74	-1.27527e-07
4.745	-1.27527e-07
4.75	-1.27527e-07
4.755	-1.27526e-07
4.76	-1.27526e-07
4.765	-1.27526e-07
4.77	-1.27526e-07
4.775	-1.27526e-07
4.78	-1.27525e-07
4.785	-1.27525e-07
4.79	-1.27525e-07
4.795	-1.27525e-07
4.8	-1.27525e-07
4.805	-1.27525e-07
4.81	-1.27524e-07
4.815	-1.27524e-07
4.82	-1.27524e-07
4.825	-1.27524e-07
4.83	-1.27524e-07
4.835	-1.27524e-07
4.84	-1.27523e-07
4.845	-1.27523e-07
4.85	-1.27523e-07
4.855	-1.27523e-07
4.86	-1.27523e-07
4.865	-1.27523e-07
4.87	-1.27523e-07
4.875	-1.27522e-07
4.88	-1.27522e-07
4.885	-1.27522e-07
4.89	-1.27522e-07
4.895	-1.27522e-07
4.9	-1.27522e-07
4.905	-1.27522e-07
4.91	-1.27521e-07
4.915	-1.27521e-07
4.92	-1.27521e-07
4.925	-1.27521e-07
4.93	-1.27521e-07
4.935	-1.27521e-07
4.94	-1.27521e-07
4.945	-1.27521e-07
4.95	-1.2752e-07
4.955	-1.2752e-07
4.96	-1.2752e-07
4.965	-1.2752e-07
4.97	-1.2752e-07
4.975	-1.2752e-07
4.98	-1.2752e-07
4.985	-1.2752e-07
4.99	-1.2752e-07
4.995	-1.27519e-07
5	-1.27519e-07
5.005	-1.27519e-07
5.01	-1.27519e-07
5.015	-1.27519e-07
5.02	-1.27519e-07
5.025	-1.27519e-07
5.03	-1.27519e-07
5.035	-1.27519e-07
5.04	-1.27518e-07
5.045	-1.27518e-07
5.05	-1.27518e-07
5.055	-1.27518e-07
5.06	-1.27518e-07
5.065	-1.27518e-07
5.07	-1.27518e-07
5.075	-1.27518e-07
5.08	-1.27518e-07
5.085	-1.27518e-07
5.09	-1.27518e-07
5.095	-1.27517e-07
5.1	-1.27517e-07
5.105	-1.27517e-07
5.11	-1.27517e-07
5.115	-1.27517e-07
5.12	-1.27517e-07
5.125	-1.27517e-07
5.13	-1.27517e-07
5.135	-1.27517e-07
5.14	-1.27517e-07
5.145	-1.27517e-07
5.15	-1.27516e-07
5.155	-1.27516e-07
5.16	-1.27516e-07
5.165	-1.27516e-07
5.17	-1.27516e-07
5.175	-1.27516e-07
5.18	-1.27516e-07
5.185	-1.27516e-07
5.19	-1.27516e-07
5.195	-1.27516e-07
5.2	-1.27516e-07
5.205	-1.27516e-07
5.21	-1.27516e-07
5.215	-1.27516e-07
5.22	-1.27515e-07
5.225	-1.27515e-07
5.23	-1.27515e-07
5.235	-1.27515e-07
5.24	-1.27515e-07
5.245	-1.27515e-07
5.25	-1.27515e-07
5.255	-1.27515e-07
5.26	-1.27515e-07
5.265	-1.27515e-07
5.27	-1.27515e-07
5.275	-1.27515e-07
5.28	-1.27515e-07
5.285	-1.27515e-07
5.29	-1.27515e-07
5.295	-1.27515e-07
5.3	-1.27515e-07
5.305	-1.27514e-07
5.31	-1.27514e-07
5.315	-1.27514e-07
5.32	-1.27514e-07
5.325	-1.27514e-07
5.33	-1.27514e-07
5.335	-1.27514e-07
5.34	-1.27514e-07
5.345	-1.27514e-07
5.35	-1.27514e-07
5.355	-1.27514e-07
5.36	-1.27514e-07
5.365	-1.27514e-07
5.37	-1.27514e-07
5.375	-1.27514e-07
5.38	-1.27514e-07
5.385	-1.27514e-07
5.39	-1.27514e-07
5.395	-1.27514e-07
5.4	-1.27514e-07
5.405	-1.27514e-07
5.41	-1.27514e-07
5.415	-1.27513e-07
5.42	-1.27513e-07
5.425	-1.27513e-07
5.43	-1.27513e-07
5.435	-1.27513e-07
5.44	-1.27513e-07
5.445	-1.27513e-07
5.45	-1.27513e-07
5.455	-1.27513e-07
5.46	-1.27513e-07
5.465	-1.27513e-07
5.47	-1.27513e-07
5.475	-1.27513e-07
5.48	-1.27513e-07
5.485	-1.27513e-07
5.49	-1.27513e-07
5.495	-1.27513e-07
5.5	-1.27513e-07
5.505	-1.27513e-07
5.51	-1.27513e-07
5.515	-1.27513e-07
5.52	-1.27513e-07
5.525	-1.27513e-07
5.53	-1.27513e-07
5.535	-1.27513e-07
5.54	-1.27513e-07
5.545	-1.27513e-07
5.55	-1.27513e-07
5.555	-1.27513e-07
5.56	-1.27513e-07
5.565	-1.27513e-07
5.57	-1.27512e-07
5.575	-1.27512e-07
5.58	-1.27512e-07
5.585	-1.27512e-07
5.59	-1.27512e-07
5.595	-1.27512e-07
5.6	-1.27512e-07
5.605	-1.27512e-07
5.61	-1.27512e-07
5.615	-1.27512e-07
5.62	-1.27512e-07
5.625	-1.27512e-07
5.63	-1.27512e-07
5.635	-1.27512e-07
5.64	-1.27512e-07
5.645	-1.27512e-07
5.65	-1.27512e-07
5.655	-1.27512e-07
5.66	-1.27512e-07
5.665	-1.27512e-07
5.67	-1.27512e-07
5.675	-1.27512e-07
5.68	-1.27512e-07
5.685	-1.27512e-07
5.69	-1.27512e-07
5.695	-1.27512e-07
5.7	-1.27512e-07
5.705	-1.27512e-07
5.71	-1.27512e-07
5.715	-1.27512e-07
5.72	-1.27512e-07
5.725	-1.27512e-07
5.73	-1.27512e-07
5.735	-1.27512e-07
5.74	-1.27512e-07
5.745	-1.27512e-07
5.75	-1.27512e-07
5.755	-1.27512e-07
5.76	-1.27512e-07
5.765	-1.27512e-07
5.77	-1.27512e-07
5.775	-1.27512e-07
5.78	-1.27512e-07
5.785	-1.27512e-07
5.79	-1.27512e-07
5.795	-1.27512e-07
5.8	-1.27512e-07
5.805	-1.27512e-07
5.81	-1.27512e-07
5.815	-1.27511e-07
5.82	-1.27511e-07
5.825	-1.27511e-07
5.83	-1.27511e-07
5.835	-1.27511e-07
5.84	-1.27511e-07
5.845	-1.27511e-07
5.85	-1.27511e-07
5.855	-1.27511e-07
5.86	-1.27511e-07
5.865	-1.27511e-07
5.87	-1.27511e-07
5.875	-1.27511e-07
5.88	-1.27511e-07
5.885	-1.27511e-07
5.89	-1.27511e-07
5.895	-1.27511e-07
5.9	-1.27511e-07
5.905	-1.27511e-07
5.91	-1.27511e-07
5.915	-1.27511e-07
5.92	-1.27511e-07
5.925	-1.27511e-07
5.93	-1.27511e-07
5.935	-1.27511e-07
5.94	-1.27511e-07
5.945	-1.27511e-07
5.95	-1.27511e-07
5.955	-1.27511e-07
5.96	-1.27511e-07
5.965	-1.27511e-07
5.97	-1.27511e-07
5.975	-1.27511e-07
5.98	-1.27511e-07
5.985	-1.27511e-07
5.99	-1.27511e-07
5.995	-1.27511e-07
6	-1.27511e-07
6.005	-1.27511e-07
6.01	-1.27511e-07
6.015	-1.27511e-07
6.02	-1.27511e-07
6.025	-1.27511e-07
6.03	-1.27511e-07
6.035	-1.27511e-07
6.04	-1.27511e-07
6.045	-1.27511e-07
6.05	-1.27511e-07
6.055	-1.27511e-07
6.06	-1.27511e-07
6.065	-1.27511e-07
6.07	-1.27511e-07
6.075	-1.27511e-07
6.08	-1.27511e-07
6.085	-1.27511e-07
6.09	-1.27511e-07
6.095	-1.27511e-07
6.1	-1.27511e-07
6.105	-1.27511e-07
6.11	-1.27511e-07
6.115	-1.27511e-07
6.12	-1.27511e-07
6.125	-1.27511e-07
6.13	-1.27511e-07
6.135	-1.27511e-07
6.14	-1.27511e-07
6.145	-1.27511e-07
6.15	-1.27511e-07
6.155	-1.27511e-07
6.16	-1.27511e-07
6.165	-1.27511e-07
6.17	-1.27511e-07
6.175	-1.27511e-07
6.18	-1.27511e-07
6.185	-1.27511e-07
6.19	-1.27511e-07
6.195	-1.27511e-07
6.2	-1.27511e-07
6.205	-1.27511e-07
6.21	-1.27511e-07
6.215	-1.27511e-07
6.22	-1.27511e-07
6.225	-1.27511e-07
6.23	-1.27511e-07
6.235	-1.27511e-07
6.24	-1.27511e-07
6.245	-1.27511e-07
6.25	-1.27511e-07
6.255	-1.27511e-07
6.26	-1.27511e-07
6.265	-1.27511e-07
6.27	-1.27511e-07
6.275	-1.27511e-07
6.28	-1.27511e-07
6.285	-1.27511e-07
6.29	-1.27511e-07
6.295	-1.27511e-07
6.3	-1.27511e-07
6.305	-1.27511e-07
6.31	-1.27511e-07
6.315	-1.27511e-07
6.32	-1.27511e-07
6.325	-1.27511e-07
6.33	-1.27511e-07
6.335	-1.27511e-07
6.34	-1.27511e-07
6.345	-1.27511e-07
6.35	-1.27511e-07
6.355	-1.27511e-07
6.36	-1.27511e-07
6.365	-1.27511e-07
6.37	-1.27511e-07
6.375	-1.27511e-07
6.38	-1.27511e-07
6.385	-1.27511e-07
6.39	-1.27511e-07
6.395	-1.27511e-07
6.4	-1.27511e-07
6.405	-1.27511e-07
6.41	-1.27511e-07
6.415	-1.27511e-07
6.42	-1.27511e-07
6.425	-1.27511e-07
6.43	-1.27511e-07
6.435	-1.27511e-07
6.44	-1.27511e-07
6.445	-1.27511e-07
6.45	-1.27511e-07
6.455	-1.27511e-07
6.46	-1.27511e-07
6.465	-1.27511e-07
6.47	-1.27511e-07
6.475	-1.27511e-07
6.48	-1.27511e-07
6.485	-1.27511e-07
6.49	-1.27511e-07
6.495	-1.27511e-07
6.5	-1.27511e-07
6.505	-1.27511e-07
6.51	-1.27511e-07
6.515	-1.27511e-07
6.52	-1.27511e-07
6.525	-1.27511e-07
6.53	-1.27511e-07
6.535	-1.27511e-07
6.54	-1.27511e-07
6.545	-1.27511e-07
6.55	-1.27511e-07
6.555	-1.27511e-07
6.56	-1.2751e-07
6.565	-1.2751e-07
6.57	-1.2751e-07
6.575	-1.2751e-07
6.58	-1.2751e-07
6.585	-1.2751e-07
6.59	-1.2751e-07
6.595	-1.2751e-07
6.6	-1.2751e-07
6.605	-1.2751e-07
6.61	-1.2751e-07
6.615	-1.2751e-07
6.62	-1.2751e-07
6.625	-1.2751e-07
6.63	-1.2751e-07
6.635	-1.2751e-07
6.64	-1.2751e-07
6.645	-1.2751e-07
6.65	-1.2751e-07
6.655	-1.2751e-07
6.66	-1.2751e-07
6.665	-1.2751e-07
6.67	-1.2751e-07
6.675	-1.2751e-07
6.68	-1.2751e-07
6.685	-1.2751e-07
6.69	-1.2751e-07
6.695	-1.2751e-07
6.7	-1.2751e-07
6.705	-1.2751e-07
6.71	-1.2751e-07
6.715	-1.2751e-07
6.72	-1.2751e-07
6.725	-1.2751e-07
6.73	-1.2751e-07
6.735	-1.2751e-07
6.74	-1.2751e-07
6.745	-1.2751e-07
6.75	-1.2751e-07
6.755	-1.2751e-07
6.76	-1.2751e-07
6.765	-1.2751e-07
6.77	-1.2751e-07
6.775	-1.2751e-07
6.78	-1.2751e-07
6.785	-1.2751e-07
6.79	-1.2751e-07
6.795	-1.2751e-07
6.8	-1.2751e-07
6.805	-1.2751e-07
6.81	-1.2751e-07
6.815	-1.2751e-07
6.82	-1.2751e-07
6.825	-1.2751e-07
6.83	-1.2751e-07
6.835	-1.2751e-07
6.84	-1.2751e-07
6.845	-1.2751e-07
6.85	-1.2751e-07
6.855	-1.2751e-07
6.86	-1.2751e-07
6.865	-1.2751e-07
6.87	-1.2751e-07
6.875	-1.2751e-07
6.88	-1.2751e-07
6.885	-1.2751e-07
6.89	-1.2751e-07
6.895	-1.2751e-07
6.9	-1.2751e-07
6.905	-1.2751e-07
6.91	-1.2751e-07
6.915	-1.2751e-07
6.92	-1.2751e-07
6.925	-1.2751e-07
6.93	-1.2751e-07
6.935	-1.2751e-07
6.94	-1.2751e-07
6.945	-1.2751e-07
6.95	-1.2751e-07
6.955	-1.2751e-07
6.96	-1.2751e-07
6.965	-1.2751e-07
6.97	-1.2751e-07
6.975	-1.2751e-07
6.98	-1.2751e-07
6.985	-1.2751e-07
6.99	-1.2751e-07
6.995	-1.2751e-07
7	-1.2751e-07
7.005	-1.2751e-07
7.01	-1.2751e-07
7.015	-1.2751e-07
7.02	-1.2751e-07
7.025	-1.2751e-07
7.03	-1.2751e-07
7.035	-1.2751e-07
7.04	-1.2751e-07
7.045	-1.2751e-07
7.05	-1.2751e-07
7.055	-1.2751e-07
7.06	-1.2751e-07
7.065	-1.2751e-07
7.07	-1.2751e-07
7.075	-1.2751e-07
7.08	-1.2751e-07
7.085	-1.2751e-07
7.09	-1.2751e-07
7.095	-1.2751e-07
7.1	-1.2751e-07
7.105	-1.2751e-07
7.11	-1.2751e-07
7.115	-1.2751e-07
7.12	-1.2751e-07
7.125	-1.2751e-07
7.13	-1.2751e-07
7.135	-1.2751e-07
7.14	-1.2751e-07
7.145	-1.2751e-07
7.15	-1.2751e-07
7.155	-1.2751e-07
7.16	-1.2751e-07
7.165	-1.2751e-07
7.17	-1.2751e-07
7.175	-1.2751e-07
7.18	-1.2751e-07
7.185	-1.2751e-07
7.19	-1.2751e-07
7.195	-1.2751e-07
7.2	-1.2751e-07
7.205	-1.2751e-07
7.21	-1.2751e-07
7.215	-1.2751e-07
7.22	-1.2751e-07
7.225	-1.2751e-07
7.23	-1.2751e-07
7.235	-1.2751e-07
7.24	-1.2751e-07
7.245	-1.2751e-07
7.25	-1.2751e-07
7.255	-1.2751e-07
7.26	-1.2751e-07
7.265	-1.2751e-07
7.27	-1.2751e-07
7.275	-1.2751e-07
7.28	-1.2751e-07
7.285	-1.2751e-07
7.29	-1.2751e-07
7.295	-1.2751e-07
7.3	-1.2751e-07
7.305	-1.2751e-07
7.31	-1.2751e-07
7.315	-1.2751e-07
7.32	-1.2751e-07
7.325	-1.2751e-07
7.33	-1.2751e-07
7.335	-1.2751e-07
7.34	-1.2751e-07
7.345	-1.2751e-07
7.35	-1.2751e-07
7.355	-1.2751e-07
7.36	-1.2751e-07
7.365	-1.2751e-07
7.37	-1.2751e-07
7.375	-1.2751e-07
7.38	-1.2751e-07
7.385	-1.2751e-07
7.39	-1.2751e-07
7.395	-1.2751e-07
7.4	-1.2751e-07
7.405	-1.2751e-07
7.41	-1.2751e-07
7.415	-1.2751e-07
7.42	-1.2751e-07
7.425	-1.2751e-07
7.43	-1.2751e-07
7.435	-1.2751e-07
7.44	-1.2751e-07
7.445	-1.2751e-07
7.45	-1.2751e-07
7.455	-1.2751e-07
7.46	-1.2751e-07
7.465	-1.2751e-07
7.47	-1.2751e-07
7.475	-1.2751e-07
7.48	-1.2751e-07
7.485	-1.2751e-07
7.49	-1.2751e-07
7.495	-1.2751e-07
7.5	-1.2751e-07
7.505	-1.2751e-07
7.51	-1.2751e-07
7.515	-1.2751e-07
7.52	-1.2751e-07
7.525	-1.2751e-07
7.53	-1.2751e-07
7.535	-1.2751e-07
7.54	-1.2751e-07
7.545	-1.2751e-07
7.55	-1.2751e-07
7.555	-1.2751e-07
7.56	-1.2751e-07
7.565	-1.2751e-07
7.57	-1.2751e-07
7.575	-1.2751e-07
7.58	-1.2751e-07
7.585	-1.2751e-07
7.59	-1.2751e-07
7.595	-1.2751e-07
7.6	-1.2751e-07
7.605	-1.2751e-07
7.61	-1.2751e-07
7.615	-1.2751e-07
7.62	-1.2751e-07
7.625	-1.2751e-07
7.63	-1.2751e-07
7.635	-1.2751e-07
7.64	-1.2751e-07
7.645	-1.2751e-07
7.65	-1.2751e-07
7.655	-1.2751e-07
7.66	-1.2751e-07
7.665	-1.2751e-07
7.67	-1.2751e-07
7.675	-1.2751e-07
7.68	-1.2751e-07
7.685	-1.2751e-07
7.69	-1.2751e-07
7.695	-1.2751e-07
7.7	-1.2751e-07
7.705	-1.2751e-07
7.71	-1.2751e-07
7.715	-1.2751e-07
7.72	-1.2751e-07
7.725	-1.2751e-07
7.73	-1.2751e-07
7.735	-1.2751e-07
7.74	-1.2751e-07
7.745	-1.2751e-07
7.75	-1.2751e-07
7.755	-1.2751e-07
7.76	-1.2751e-07
7.765	-1.2751e-07
7.77	-1.2751e-07
7.775	-1.2751e-07
7.78	-1.2751e-07
7.785	-1.2751e-07
7.79	-1.2751e-07
7.795	-1.2751e-07
7.8	-1.2751e-07
7.805	-1.2751e-07
7.81	-1.2751e-07
7.815	-1.2751e-07
7.82	-1.2751e-07
7.825	-1.2751e-07
7.83	-1.2751e-07
7.835	-1.2751e-07
7.84	-1.2751e-07
7.845	-1.2751e-07
7.85	-1.2751e-07
7.855	-1.2751e-07
7.86	-1.2751e-07
7.865	-1.2751e-07
7.87	-1.2751e-07
7.875	-1.2751e-07
7.88	-1.2751e-07
7.885	-1.2751e-07
7.89	-1.2751e-07
7.895	-1.2751e-07
7.9	-1.2751e-07
7.905	-1.2751e-07
7.91	-1.2751e-07
7.915	-1.2751e-07
7.92	-1.2751e-07
7.925	-1.2751e-07
7.93	-1.2751e-07
7.935	-1.2751e-07
7.94	-1.2751e-07
7.945	-1.2751e-07
7.95	-1.2751e-07
7.955	-1.2751e-07
7.96	-1.2751e-07
7.965	-1.2751e-07
7.97	-1.2751e-07
7.975	-1.2751e-07
7.98	-1.2751e-07
7.985	-1.2751e-07
7.99	-1.2751e-07
7.995	-1.2751e-07
8	-1.2751e-07
8.005	-1.2751e-07
8.01	-1.2751e-07
8.015	-1.2751e-07
8.02	-1.2751e-07
8.025	-1.2751e-07
8.03	-1.2751e-07
8.035	-1.2751e-07
8.04	-1.2751e-07
8.045	-1.2751e-07
8.05	-1.2751e-07
8.055	-1.2751e-07
8.06	-1.2751e-07
8.065	-1.2751e-07
8.07	-1.2751e-07
8.075	-1.2751e-07
8.08	-1.2751e-07
8.085	-1.2751e-07
8.09	-1.2751e-07
8.095	-1.2751e-07
8.1	-1.2751e-07
8.105	-1.2751e-07
8.11	-1.2751e-07
8.115	-1.2751e-07
8.12	-1.2751e-07
8.125	-1.2751e-07
8.13	-1.2751e-07
8.135	-1.2751e-07
8.14	-1.2751e-07
8.145	-1.2751e-07
8.15	-1.2751e-07
8.155	-1.2751e-07
8.16	-1.2751e-07
8.165	-1.2751e-07
8.17	-1.2751e-07
8.175	-1.2751e-07
8.18	-1.2751e-07
8.185	-1.2751e-07
8.19	-1.2751e-07
8.195	-1.2751e-07
8.2	-1.2751e-07
8.205	-1.2751e-07
8.21	-1.2751e-07
8.215	-1.2751e-07
8.22	-1.2751e-07
8.225	-1.2751e-07
8.23	-1.2751e-07
8.235	-1.2751e-07
8.24	-1.2751e-07
8.245	-1.2751e-07
8.25	-1.2751e-07
8.255	-1.2751e-07
8.26	-1.2751e-07
8.265	-1.2751e-07
8.27	-1.2751e-07
8.275	-1.2751e-07
8.28	-1.2751e-07
8.285	-1.2751e-07
8.29	-1.2751e-07
8.295	-1.2751e-07
8.3	-1.2751e-07
8.305	-1.2751e-07
8.31	-1.2751e-07
8.315	-1.2751e-07
8.32	-1.2751e-07
8.325	-1.2751e-07
8.33	-1.2751e-07
8.335	-1.2751e-07
8.34	-1.2751e-07
8.345	-1.2751e-07
8.35	-1.2751e-07
8.355	-1.2751e-07
8.36	-1.2751e-07
8.365	-1.2751e-07
8.37	-1.2751e-07
8.375	-1.2751e-07
8.38	-1.2751e-07
8.385	-1.2751e-07
8.39	-1.2751e-07
8.395	-1.2751e-07
8.4	-1.2751e-07
8.405	-1.2751e-07
8.41	-1.2751e-07
8.415	-1.2751e-07
8.42	-1.2751e-07
8.425	-1.2751e-07
8.43	-1.2751e-07
8.435	-1.2751e-07
8.44	-1.2751e-07
8.445	-1.2751e-07
8.45	-1.2751e-07
8.455	-1.2751e-07
8.46	-1.2751e-07
8.465	-1.2751e-07
8.47	-1.2751e-07
8.475	-1.2751e-07
8.48	-1.2751e-07
8.485	-1.2751e-07
8.49	-1.2751e-07
8.495	-1.2751e-07
8.5	-1.2751e-07
8.505	-1.2751e-07
8.51	-1.2751e-07
8.515	-1.2751e-07
8.52	-1.2751e-07
8.525	-1.2751e-07
8.53	-1.2751e-07
8.535	-1.2751e-07
8.54	-1.2751e-07
8.545	-1.2751e-07
8.55	-1.2751e-07
8.555	-1.2751e-07
8.56	-1.2751e-07
8.565	-1.2751e-07
8.57	-1.2751e-07
8.575	-1.2751e-07
8.58	-1.2751e-07
8.585	-1.2751e-07
8.59	-1.2751e-07
8.595	-1.2751e-07
8.6	-1.2751e-07
8.605	-1.2751e-07
8.61	-1.2751e-07
8.615	-1.2751e-07
8.62	-1.2751e-07
8.625	-1.2751e-07
8.63	-1.2751e-07
8.635	-1.2751e-07
8.64	-1.2751e-07
8.645	-1.2751e-07
8.65	-1.2751e-07
8.655	-1.2751e-07
8.66	-1.2751e-07
8.665	-1.2751e-07
8.67	-1.2751e-07
8.675	-1.2751e-07
8.68	-1.2751e-07
8.685	-1.2751e-07
8.69	-1.2751e-07
8.695	-1.2751e-07
8.7	-1.2751e-07
8.705	-1.2751e-07
8.71	-1.2751e-07
8.715	-1.2751e-07
8.72	-1.2751e-07
8.725	-1.2751e-07
8.73	-1.2751e-07
8.735	-1.2751e-07
8.74	-1.2751e-07
8.745	-1.2751e-07
8.75	-1.2751e-07
8.755	-1.2751e-07
8.76	-1.2751e-07
8.765	-1.2751e-07
8.77	-1.2751e-07
8.775	-1.2751e-07
8.78	-1.2751e-07
8.785	-1.2751e-07
8.79	-1.2751e-07
8.795	-1.2751e-07
8.8	-1.2751e-07
8.805	-1.2751e-07
8.81	-1.2751e-07
8.815	-1.2751e-07
8.82	-1.2751e-07
8.825	-1.2751e-07
8.83	-1.2751e-07
8.835	-1.2751e-07
8.84	-1.2751e-07
8.845	-1.2751e-07
8.85	-1.2751e-07
8.855	-1.2751e-07
8.86	-1.2751e-07
8.865	-1.2751e-07
8.87	-1.2751e-07
8.875	-1.2751e-07
8.88	-1.2751e-07
8.885	-1.2751e-07
8.89	-1.2751e-07
8.895	-1.2751e-07
8.9	-1.2751e-07
8.905	-1.2751e-07
8.91	-1.2751e-07
8.915	-1.2751e-07
8.92	-1.2751e-07
8.925	-1.2751e-07
8.93	-1.2751e-07
8.935	-1.2751e-07
8.94	-1.2751e-07
8.945	-1.2751e-07
8.95	-1.2751e-07
8.955	-1.2751e-07
8.96	-1.2751e-07
8.965	-1.2751e-07
8.97	-1.2751e-07
8.975	-1.2751e-07
8.98	-1.2751e-07
8.985	-1.2751e-07
8.99	-1.2751e-07
8.995	-1.2751e-07
9	-1.2751e-07
9.005	-1.2751e-07
9.01	-1.2751e-07
9.015	-1.2751e-07
9.02	-1.2751e-07
9.025	-1.2751e-07
9.03	-1.2751e-07
9.035	-1.2751e-07
9.04	-1.2751e-07
9.045	-1.2751e-07
9.05	-1.2751e-07
9.055	-1.2751e-07
9.06	-1.2751e-07
9.065	-1.2751e-07
9.07	-1.2751e-07
9.075	-1.2751e-07
9.08	-1.2751e-07
9.085	-1.2751e-07
9.09	-1.2751e-07
9.095	-1.2751e-07
9.1	-1.2751e-07
9.105	-1.2751e-07
9.11	-1.2751e-07
9.115	-1.2751e-07
9.12	-1.2751e-07
9.125	-1.2751e-07
9.13	-1.2751e-07
9.135	-1.2751e-07
9.14	-1.2751e-07
9.145	-1.2751e-07
9.15	-1.2751e-07
9.155	-1.2751e-07
9.16	-1.2751e-07
9.165	-1.2751e-07
9.17	-1.2751e-07
9.175	-1.2751e-07
9.18	-1.2751e-07
9.185	-1.2751e-07
9.19	-1.2751e-07
9.195	-1.2751e-07
9.2	-1.2751e-07
9.205	-1.2751e-07
9.21	-1.2751e-07
9.215	-1.2751e-07
9.22	-1.2751e-07
9.225	-1.2751e-07
9.23	-1.2751e-07
9.235	-1.2751e-07
9.24	-1.2751e-07
9.245	-1.2751e-07
9.25	-1.2751e-07
9.255	-1.2751e-07
9.26	-1.2751e-07
9.265	-1.2751e-07
9.27	-1.2751e-07
9.275	-1.2751e-07
9.28	-1.2751e-07
9.285	-1.2751e-07
9.29	-1.2751e-07
9.295	-1.2751e-07
9.3	-1.2751e-07
9.305	-1.2751e-07
9.31	-1.2751e-07
9.315	-1.2751e-07
9.32	-1.2751e-07
9.325	-1.2751e-07
9.33	-1.2751e-07
9.335	-1.2751e-07
9.34	-1.2751e-07
9.345	-1.2751e-07
9.35	-1.2751e-07
9.355	-1.2751e-07
9.36	-1.2751e-07
9.365	-1.2751e-07
9.37	-1.2751e-07
9.375	-1.2751e-07
9.38	-1.2751e-07
9.385	-1.2751e-07
9.39	-1.2751e-07
9.395	-1.2751e-07
9.4	-1.2751e-07
9.405	-1.2751e-07
9.41	-1.2751e-07
9.415	-1.2751e-07
9.42	-1.2751e-07
9.425	-1.2751e-07
9.43	-1.2751e-07
9.435	-1.2751e-07
9.44	-1.2751e-07
9.445	-1.2751e-07
9.45	-1.2751e-07
9.455	-1.2751e-07
9.46	-1.2751e-07
9.465	-1.2751e-07
9.47	-1.2751e-07
9.475	-1.2751e-07
9.48	-1.2751e-07
9.485	-1.2751e-07
9.49	-1.2751e-07
9.495	-1.2751e-07
9.5	-1.2751e-07
9.505	-1.2751e-07
9.51	-1.2751e-07
9.515	-1.2751e-07
9.52	-1.2751e-07
9.525	-1.2751e-07
9.53	-1.2751e-07
9.535	-1.2751e-07
9.54	-1.2751e-07
9.545	-1.2751e-07
9.55	-1.2751e-07
9.555	-1.2751e-07
9.56	-1.2751e-07
9.565	-1.2751e-07
9.57	-1.2751e-07
9.575	-1.2751e-07
9.58	-1.2751e-07
9.585	-1.2751e-07
9.59	-1.2751e-07
9.595	-1.2751e-07
9.6	-1.2751e-07
9.605	-1.2751e-07
9.61	-1.2751e-07
9.615	-1.2751e-07
9.62	-1.2751e-07
9.625	-1.2751e-07
9.63	-1.2751e-07
9.635	-1.2751e-07
9.64	-1.2751e-07
9.645	-1.2751e-07
9.65	-1.2751e-07
9.655	-1.2751e-07
9.66	-1.2751e-07
9.665	-1.2751e-07
9.67	-1.2751e-07
9.675	-1.2751e-07
9.68	-1.2751e-07
9.685	-1.2751e-07
9.69	-1.2751e-07
9.695	-1.2751e-07
9.7	-1.2751e-07
9.705	-1.2751e-07
9.71	-1.2751e-07
9.715	-1.2751e-07
9.72	-1.2751e-07
9.725	-1.2751e-07
9.73	-1.2751e-07
9.735	-1.2751e-07
9.74	-1.2751e-07
9.745	-1.2751e-07
9.75	-1.2751e-07
9.755	-1.2751e-07
9.76	-1.2751e-07
9.765	-1.2751e-07
9.77	-1.2751e-07
9.775	-1.2751e-07
9.78	-1.2751e-07
9.785	-1.2751e-07
9.79	-1.2751e-07
9.795	-1.2751e-07
9.8	-1.2751e-07
9.805	-1.2751e-07
9.81	-1.2751e-07
9.815	-1.2751e-07
9.82	-1.2751e-07
9.825	-1.2751e-07
9.83	-1.2751e-07
9.835	-1.2751e-07
9.84	-1.2751e-07
9.845	-1.2751e-07
9.85	-1.2751e-07
9.855	-1.2751e-07
9.86	-1.2751e-07
9.865	-1.2751e-07
9.87	-1.2751e-07
9.875	-1.2751e-07
9.88	-1.2751e-07
9.885	-1.2751e-07
9.89	-1.2751e-07
9.895	-1.2751e-07
9.9	-1.2751e-07
9.905	-1.2751e-07
9.91	-1.2751e-07
9.915	-1.2751e-07
9.92	-1.2751e-07
9.925	-1.2751e-07
9.93	-1.2751e-07
9.935	-1.2751e-07
9.94	-1.2751e-07
9.945	-1.2751e-07
9.95	-1.2751e-07
9.955	-1.2751e-07
9.96	-1.2751e-07
9.965	-1.2751e-07
9.97	-1.2751e-07
9.975	-1.2751e-07
9.98	-1.2751e-07
9.985	-1.2751e-07
9.99	-1.2751e-07
9.995	-1.2751e-07
10	-1.2751e-07
