0.005	0.11
0.01	0.16
0.015	0.22
0.02	0.28
0.025	0.33
0.03	0.39
0.035	0.44
0.04	0.5
0.045	0.55
0.05	0.6
0.055	0.66
0.06	0.71
0.065	0.77
0.07	0.81
0.075	0.87
0.08	0.92
0.085	0.97
0.09	1.04
0.095	1.08
0.1	1.18
0.105	1.23
0.11	1.3
0.115	1.34
0.12	1.4
0.125	1.44
0.13	1.49
0.135	1.55
0.14	1.59
0.145	1.64
0.15	1.68
0.155	1.72
0.16	1.76
0.165	1.8
0.17	1.85
0.175	1.89
0.18	1.93
0.185	1.96
0.19	1.99
0.195	2.02
0.2	2.08
0.205	2.1
0.21	2.13
0.215	2.15
0.22	2.18
0.225	2.2
0.23	2.22
0.235	2.25
0.24	2.27
0.245	2.29
0.25	2.3
0.255	2.32
0.26	2.34
0.265	2.36
0.27	2.38
0.275	2.39
0.28	2.41
0.285	2.43
0.29	2.44
0.295	2.46
0.3	2.51
0.305	2.52
0.31	2.53
0.315	2.54
0.32	2.56
0.325	2.57
0.33	2.58
0.335	2.59
0.34	2.6
0.345	2.61
0.35	2.62
0.355	2.63
0.36	2.65
0.365	2.66
0.37	2.67
0.375	2.68
0.38	2.69
0.385	2.7
0.39	2.71
0.395	2.72
0.4	2.76
0.405	2.77
0.41	2.78
0.415	2.79
0.42	2.8
0.425	2.81
0.43	2.82
0.435	2.83
0.44	2.84
0.445	2.85
0.45	2.86
0.455	2.87
0.46	2.88
0.465	2.89
0.47	2.9
0.475	2.91
0.48	2.92
0.485	2.93
0.49	2.94
0.495	2.95
0.5	2.99
0.505	3
0.51	3.01
0.515	3.02
0.52	3.03
0.525	3.04
0.53	3.05
0.535	3.06
0.54	3.07
0.545	3.08
0.55	3.09
0.555	3.1
0.56	3.11
0.565	3.12
0.57	3.13
0.575	3.14
0.58	3.15
0.585	3.16
0.59	3.17
0.595	3.18
0.6	3.24
0.605	3.25
0.61	3.26
0.615	3.27
0.62	3.29
0.625	3.3
0.63	3.31
0.635	3.32
0.64	3.33
0.645	3.34
0.65	3.36
0.655	3.37
0.66	3.38
0.665	3.39
0.67	3.4
0.675	3.42
0.68	3.43
0.685	3.44
0.69	3.46
0.695	3.47
0.7	3.52
0.705	3.53
0.71	3.55
0.715	3.56
0.72	3.57
0.725	3.58
0.73	3.6
0.735	3.61
0.74	3.62
0.745	3.63
0.75	3.64
0.755	3.65
0.76	3.67
0.765	3.72
0.77	3.75
0.775	3.81
0.78	3.86
0.785	3.89
0.79	3.9
0.795	3.92
0.8	3.98
0.805	3.99
0.81	4
0.815	4.01
0.82	4.02
0.825	4.04
0.83	4.06
0.835	4.08
0.84	4.1
0.845	4.12
0.85	4.14
0.855	4.16
0.86	4.18
0.865	4.2
0.87	4.22
0.875	4.24
0.88	4.26
0.885	4.28
0.89	4.3
0.895	4.32
0.9	4.41
0.905	4.43
0.91	4.45
0.915	4.47
0.92	4.49
0.925	4.51
0.93	4.53
0.935	4.55
0.94	4.57
0.945	4.59
0.95	4.61
0.955	4.63
0.96	4.66
0.965	4.68
0.97	4.7
0.975	4.72
0.98	4.74
0.985	4.76
0.99	4.78
0.995	4.8
1	4.9
1.005	4.92
1.01	4.94
1.015	4.96
1.02	4.98
1.025	5
1.03	5.03
1.035	5.05
1.04	5.07
1.045	5.09
1.05	5.11
1.055	5.13
1.06	5.15
1.065	5.17
1.07	5.2
1.075	5.22
1.08	5.24
1.085	5.26
1.09	5.28
1.095	5.3
1.1	5.4
1.105	5.42
1.11	5.44
1.115	5.46
1.12	5.48
1.125	5.5
1.13	5.52
1.135	5.54
1.14	5.56
1.145	5.58
1.15	5.6
1.155	5.62
1.16	5.64
1.165	5.66
1.17	5.68
1.175	5.7
1.18	5.72
1.185	5.74
1.19	5.76
1.195	5.78
1.2	5.88
1.205	5.9
1.21	5.92
1.215	5.94
1.22	5.96
1.225	5.98
1.23	6
1.235	6.02
1.24	6.05
1.245	6.08
1.25	6.11
1.255	6.15
1.26	6.18
1.265	6.2
1.27	6.23
1.275	6.25
1.28	6.28
1.285	6.31
1.29	6.34
1.295	6.36
1.3	6.48
1.305	6.5
1.31	6.52
1.315	6.55
1.32	6.58
1.325	6.6
1.33	6.62
1.335	6.65
1.34	6.68
1.345	6.71
1.35	6.73
1.355	6.75
1.36	6.78
1.365	6.8
1.37	6.82
1.375	6.86
1.38	6.88
1.385	6.9
1.39	6.92
1.395	6.94
1.4	7.04
1.405	7.06
1.41	7.08
1.415	7.09
1.42	7.12
1.425	7.14
1.43	7.16
1.435	7.18
1.44	7.2
1.445	7.21
1.45	7.23
1.455	7.25
1.46	7.27
1.465	7.29
1.47	7.31
1.475	7.33
1.48	7.35
1.485	7.37
1.49	7.39
1.495	7.41
1.5	7.51
1.505	7.53
1.51	7.55
1.515	7.57
1.52	7.59
1.525	7.61
1.53	7.63
1.535	7.65
1.54	7.67
1.545	7.69
1.55	7.71
1.555	7.73
1.56	7.75
1.565	7.77
1.57	7.79
1.575	7.81
1.58	7.83
1.585	7.85
1.59	7.87
1.595	7.89
1.6	7.98
1.605	8
1.61	8.02
1.615	8.04
1.62	8.06
1.625	8.08
1.63	8.1
1.635	8.12
1.64	8.14
1.645	8.16
1.65	8.18
1.655	8.2
1.66	8.22
1.665	8.24
1.67	8.26
1.675	8.28
1.68	8.3
1.685	8.32
1.69	8.34
1.695	8.36
1.7	8.46
1.705	8.48
1.71	8.5
1.715	8.52
1.72	8.54
1.725	8.56
1.73	8.58
1.735	8.6
1.74	8.62
1.745	8.64
1.75	8.66
1.755	8.68
1.76	8.71
1.765	8.73
1.77	8.75
1.775	8.77
1.78	8.8
1.785	8.82
1.79	8.84
1.795	8.86
1.8	8.98
1.805	9
1.81	9.02
1.815	9.04
1.82	9.07
1.825	9.09
1.83	9.11
1.835	9.13
1.84	9.15
1.845	9.17
1.85	9.19
1.855	9.21
1.86	9.23
1.865	9.25
1.87	9.29
1.875	9.34
1.88	9.38
1.885	9.43
1.89	9.47
1.895	9.5
1.9	9.6
1.905	9.62
1.91	9.64
1.915	9.66
1.92	9.68
1.925	9.7
1.93	9.72
1.935	9.74
1.94	9.76
1.945	9.78
1.95	9.8
1.955	9.82
1.96	9.84
1.965	9.86
1.97	9.89
1.975	9.91
1.98	9.93
1.985	9.95
1.99	9.97
1.995	9.99
2	10.1
2.005	10.13
2.01	10.15
2.015	10.18
2.02	10.2
2.025	10.22
2.03	10.24
2.035	10.26
2.04	10.28
2.045	10.3
2.05	10.33
2.055	10.35
2.06	10.37
2.065	10.4
2.07	10.43
2.075	10.46
2.08	10.48
2.085	10.51
2.09	10.53
2.095	10.55
2.1	10.66
2.105	10.68
2.11	10.7
2.115	10.72
2.12	10.74
2.125	10.76
2.13	10.79
2.135	10.81
2.14	10.83
2.145	10.85
2.15	10.87
2.155	10.89
2.16	10.91
2.165	10.93
2.17	10.96
2.175	10.98
2.18	11
2.185	11.02
2.19	11.04
2.195	11.06
2.2	11.16
2.205	11.18
2.21	11.2
2.215	11.22
2.22	11.24
2.225	11.26
2.23	11.28
2.235	11.31
2.24	11.33
2.245	11.35
2.25	11.37
2.255	11.39
2.26	11.41
2.265	11.43
2.27	11.45
2.275	11.47
2.28	11.49
2.285	11.51
2.29	11.53
2.295	11.55
2.3	11.67
2.305	11.69
2.31	11.71
2.315	11.73
2.32	11.76
2.325	11.78
2.33	11.8
2.335	11.82
2.34	11.84
2.345	11.87
2.35	11.89
2.355	11.91
2.36	11.93
2.365	11.95
2.37	11.97
2.375	12
2.38	12.02
2.385	12.04
2.39	12.07
2.395	12.09
2.4	12.19
2.405	12.21
2.41	12.23
2.415	12.25
2.42	12.27
2.425	12.29
2.43	12.32
2.435	12.34
2.44	12.37
2.445	12.4
2.45	12.43
2.455	12.46
2.46	12.49
2.465	12.51
2.47	12.53
2.475	12.56
2.48	12.58
2.485	12.6
2.49	12.62
2.495	12.64
2.5	12.74
2.505	12.76
2.51	12.79
2.515	12.81
2.52	12.83
2.525	12.85
2.53	12.87
2.535	12.9
2.54	12.92
2.545	12.95
2.55	12.97
2.555	12.99
2.56	13.01
2.565	13.03
2.57	13.05
2.575	13.08
2.58	13.1
2.585	13.12
2.59	13.14
2.595	13.16
2.6	13.27
2.605	13.3
2.61	13.32
2.615	13.34
2.62	13.37
2.625	13.39
2.63	13.41
2.635	13.44
2.64	13.46
2.645	13.48
2.65	13.51
2.655	13.53
2.66	13.55
2.665	13.57
2.67	13.6
2.675	13.62
2.68	13.64
2.685	13.66
2.69	13.68
2.695	13.71
2.7	13.8
2.705	13.82
2.71	13.84
2.715	13.86
2.72	13.89
2.725	13.91
2.73	13.93
2.735	13.95
2.74	13.97
2.745	13.99
2.75	14.01
2.755	14.03
2.76	14.05
2.765	14.07
2.77	14.1
2.775	14.12
2.78	14.14
2.785	14.16
2.79	14.18
2.795	14.2
2.8	14.3
2.805	14.32
2.81	14.34
2.815	14.36
2.82	14.38
2.825	14.4
2.83	14.42
2.835	14.44
2.84	14.46
2.845	14.48
2.85	14.51
2.855	14.54
2.86	14.57
2.865	14.6
2.87	14.63
2.875	14.66
2.88	14.68
2.885	14.71
2.89	14.73
2.895	14.76
2.9	14.87
2.905	14.9
2.91	14.93
2.915	14.95
2.92	14.98
2.925	15
2.93	15.02
2.935	15.05
2.94	15.08
2.945	15.1
2.95	15.12
2.955	15.15
2.96	15.17
2.965	15.19
2.97	15.21
2.975	15.24
2.98	15.26
2.985	15.28
2.99	15.31
2.995	15.33
3	15.45
3.005	15.47
3.01	15.5
3.015	15.52
3.02	15.54
3.025	15.56
3.03	15.58
3.035	15.61
3.04	15.63
3.045	15.65
3.05	15.67
3.055	15.69
3.06	15.72
3.065	15.74
3.07	15.76
3.075	15.78
3.08	15.8
3.085	15.82
3.09	15.84
3.095	15.87
3.1	15.96
3.105	15.98
3.11	16
3.115	16.02
3.12	16.04
3.125	16.06
3.13	16.08
3.135	16.1
3.14	16.12
3.145	16.14
3.15	16.16
3.155	16.18
3.16	16.2
3.165	16.22
3.17	16.24
3.175	16.26
3.18	16.29
3.185	16.31
3.19	16.33
3.195	16.35
3.2	16.44
3.205	16.46
3.21	16.49
3.215	16.51
3.22	16.53
3.225	16.55
3.23	16.57
3.235	16.59
3.24	16.61
3.245	16.63
3.25	16.65
3.255	16.67
3.26	16.69
3.265	16.72
3.27	16.74
3.275	16.76
3.28	16.78
3.285	16.8
3.29	16.82
3.295	16.85
3.3	16.95
3.305	16.97
3.31	17
3.315	17.02
3.32	17.04
3.325	17.06
3.33	17.08
3.335	17.1
3.34	17.12
3.345	17.15
3.35	17.17
3.355	17.19
3.36	17.21
3.365	17.23
3.37	17.25
3.375	17.28
3.38	17.3
3.385	17.32
3.39	17.34
3.395	17.36
3.4	17.46
3.405	17.48
3.41	17.51
3.415	17.53
3.42	17.55
3.425	17.57
3.43	17.6
3.435	17.62
3.44	17.64
3.445	17.66
3.45	17.69
3.455	17.71
3.46	17.73
3.465	17.75
3.47	17.77
3.475	17.79
3.48	17.81
3.485	17.83
3.49	17.85
3.495	17.87
3.5	17.97
3.505	17.99
3.51	18.02
3.515	18.04
3.52	18.06
3.525	18.08
3.53	18.1
3.535	18.12
3.54	18.14
3.545	18.16
3.55	18.18
3.555	18.2
3.56	18.22
3.565	18.24
3.57	18.26
3.575	18.28
3.58	18.3
3.585	18.33
3.59	18.35
3.595	18.37
3.6	18.46
3.605	18.48
3.61	18.5
3.615	18.52
3.62	18.54
3.625	18.56
3.63	18.58
3.635	18.6
3.64	18.62
3.645	18.65
3.65	18.67
3.655	18.69
3.66	18.71
3.665	18.73
3.67	18.75
3.675	18.77
3.68	18.79
3.685	18.81
3.69	18.83
3.695	18.85
3.7	18.94
3.705	18.96
3.71	18.99
3.715	19.01
3.72	19.03
3.725	19.05
3.73	19.07
3.735	19.1
3.74	19.12
3.745	19.13
3.75	19.16
3.755	19.17
3.76	19.19
3.765	19.21
3.77	19.23
3.775	19.25
3.78	19.27
3.785	19.29
3.79	19.31
3.795	19.33
3.8	19.43
3.805	19.45
3.81	19.47
3.815	19.49
3.82	19.51
3.825	19.53
3.83	19.55
3.835	19.57
3.84	19.59
3.845	19.61
3.85	19.63
3.855	19.65
3.86	19.67
3.865	19.69
3.87	19.71
3.875	19.73
3.88	19.75
3.885	19.77
3.89	19.79
3.895	19.82
3.9	19.92
3.905	19.94
3.91	19.96
3.915	19.98
3.92	20
3.925	20.02
3.93	20.04
3.935	20.06
3.94	20.08
3.945	20.1
3.95	20.12
3.955	20.14
3.96	20.16
3.965	20.18
3.97	20.2
3.975	20.22
3.98	20.24
3.985	20.26
3.99	20.28
3.995	20.3
4	20.4
4.005	20.42
4.01	20.44
4.015	20.46
4.02	20.48
4.025	20.51
4.03	20.53
4.035	20.55
4.04	20.56
4.045	20.59
4.05	20.61
4.055	20.63
4.06	20.65
4.065	20.67
4.07	20.7
4.075	20.72
4.08	20.74
4.085	20.76
4.09	20.78
4.095	20.8
4.1	20.89
4.105	20.91
4.11	20.93
4.115	20.95
4.12	20.97
4.125	20.99
4.13	21.01
4.135	21.03
4.14	21.05
4.145	21.07
4.15	21.09
4.155	21.11
4.16	21.13
4.165	21.15
4.17	21.17
4.175	21.19
4.18	21.21
4.185	21.23
4.19	21.25
4.195	21.27
4.2	21.36
4.205	21.39
4.21	21.41
4.215	21.42
4.22	21.44
4.225	21.47
4.23	21.49
4.235	21.51
4.24	21.53
4.245	21.55
4.25	21.57
4.255	21.59
4.26	21.61
4.265	21.64
4.27	21.66
4.275	21.68
4.28	21.7
4.285	21.72
4.29	21.74
4.295	21.76
4.3	21.85
4.305	21.87
4.31	21.89
4.315	21.91
4.32	21.93
4.325	21.95
4.33	21.97
4.335	21.99
4.34	22.01
4.345	22.03
4.35	22.05
4.355	22.06
4.36	22.08
4.365	22.1
4.37	22.12
4.375	22.15
4.38	22.17
4.385	22.19
4.39	22.21
4.395	22.23
4.4	22.41
4.405	22.43
4.41	22.46
4.415	22.48
4.42	22.51
4.425	22.54
4.43	22.56
4.435	22.58
4.44	22.6
4.445	22.62
4.45	22.65
4.455	22.68
4.46	22.71
4.465	22.73
4.47	22.76
4.475	22.78
4.48	22.81
4.485	22.83
4.49	22.85
4.495	22.87
4.5	23.04
4.505	23.07
4.51	23.1
4.515	23.12
4.52	23.14
4.525	23.16
4.53	23.19
4.535	23.21
4.54	23.23
4.545	23.25
4.55	23.27
4.555	23.29
4.56	23.31
4.565	23.33
4.57	23.35
4.575	23.37
4.58	23.39
4.585	23.41
4.59	23.43
4.595	23.45
4.6	23.55
4.605	23.57
4.61	23.59
4.615	23.61
4.62	23.63
4.625	23.65
4.63	23.68
4.635	23.71
4.64	23.73
4.645	23.75
4.65	23.77
4.655	23.79
4.66	23.82
4.665	23.85
4.67	23.87
4.675	23.89
4.68	23.92
4.685	23.94
4.69	23.96
4.695	23.99
4.7	24.09
4.705	24.11
4.71	24.13
4.715	24.16
4.72	24.18
4.725	24.21
4.73	24.25
4.735	24.28
4.74	24.3
4.745	24.33
4.75	24.35
4.755	24.37
4.76	24.39
4.765	24.42
4.77	24.44
4.775	24.46
4.78	24.48
4.785	24.5
4.79	24.52
4.795	24.54
4.8	24.64
4.805	24.66
4.81	24.69
4.815	24.71
4.82	24.73
4.825	24.76
4.83	24.78
4.835	24.8
4.84	24.82
4.845	24.84
4.85	24.87
4.855	24.89
4.86	24.91
4.865	24.94
4.87	24.96
4.875	24.99
4.88	25.01
4.885	25.03
4.89	25.05
4.895	25.07
4.9	25.2
4.905	25.22
4.91	25.24
4.915	25.26
4.92	25.29
4.925	25.31
4.93	25.33
4.935	25.36
4.94	25.38
4.945	25.4
4.95	25.42
4.955	25.45
4.96	25.47
4.965	25.5
4.97	25.52
4.975	25.54
4.98	25.57
4.985	25.59
4.99	25.61
4.995	25.64
5	25.75
5.005	25.77
5.01	25.79
5.015	25.82
5.02	25.85
5.025	25.88
5.03	25.91
5.035	25.94
5.04	25.96
5.045	25.99
5.05	26.01
5.055	26.03
5.06	26.05
5.065	26.07
5.07	26.1
5.075	26.12
5.08	26.14
5.085	26.16
5.09	26.19
5.095	26.21
5.1	26.31
5.105	26.33
5.11	26.35
5.115	26.38
5.12	26.4
5.125	26.42
5.13	26.44
5.135	26.46
5.14	26.48
5.145	26.51
5.15	26.53
5.155	26.55
5.16	26.57
5.165	26.59
5.17	26.62
5.175	26.64
5.18	26.66
5.185	26.69
5.19	26.71
5.195	26.73
5.2	26.83
5.205	26.85
5.21	26.88
5.215	26.9
5.22	26.92
5.225	26.95
5.23	26.98
5.235	27
5.24	27.02
5.245	27.05
5.25	27.07
5.255	27.09
5.26	27.12
5.265	27.14
5.27	27.17
5.275	27.19
5.28	27.21
5.285	27.23
5.29	27.25
5.295	27.28
5.3	27.38
5.305	27.4
5.31	27.42
5.315	27.44
5.32	27.47
5.325	27.49
5.33	27.51
5.335	27.53
5.34	27.55
5.345	27.58
5.35	27.6
5.355	27.62
5.36	27.64
5.365	27.66
5.37	27.68
5.375	27.7
5.38	27.73
5.385	27.75
5.39	27.77
5.395	27.79
5.4	27.89
5.405	27.91
5.41	27.94
5.415	27.96
5.42	27.99
5.425	28.01
5.43	28.03
5.435	28.05
5.44	28.07
5.445	28.09
5.45	28.11
5.455	28.13
5.46	28.15
5.465	28.17
5.47	28.2
5.475	28.23
5.48	28.25
5.485	28.27
5.49	28.3
5.495	28.32
5.5	28.44
5.505	28.46
5.51	28.48
5.515	28.51
5.52	28.53
5.525	28.55
5.53	28.57
5.535	28.59
5.54	28.61
5.545	28.64
5.55	28.67
5.555	28.7
5.56	28.72
5.565	28.74
5.57	28.77
5.575	28.79
5.58	28.82
5.585	28.84
5.59	28.86
5.595	28.89
5.6	28.99
5.605	29.02
5.61	29.04
5.615	29.06
5.62	29.09
5.625	29.11
5.63	29.13
5.635	29.16
5.64	29.18
5.645	29.2
5.65	29.22
5.655	29.24
5.66	29.27
5.665	29.29
5.67	29.32
5.675	29.34
5.68	29.36
5.685	29.38
5.69	29.4
5.695	29.43
5.7	29.54
5.705	29.56
5.71	29.58
5.715	29.6
5.72	29.62
5.725	29.65
5.73	29.67
5.735	29.69
5.74	29.72
5.745	29.74
5.75	29.76
5.755	29.79
5.76	29.81
5.765	29.83
5.77	29.85
5.775	29.88
5.78	29.9
5.785	29.92
5.79	29.94
5.795	29.97
5.8	30.06
5.805	30.09
5.81	30.11
5.815	30.13
5.82	30.15
5.825	30.18
5.83	30.2
5.835	30.22
5.84	30.25
5.845	30.27
5.85	30.29
5.855	30.31
5.86	30.34
5.865	30.37
5.87	30.39
5.875	30.41
5.88	30.43
5.885	30.46
5.89	30.48
5.895	30.5
5.9	30.6
5.905	30.63
5.91	30.66
5.915	30.68
5.92	30.71
5.925	30.73
5.93	30.75
5.935	30.77
5.94	30.8
5.945	30.82
5.95	30.85
5.955	30.88
5.96	30.9
5.965	30.92
5.97	30.94
5.975	30.96
5.98	30.99
5.985	31.01
5.99	31.04
5.995	31.06
6	31.16
6.005	31.19
6.01	31.21
6.015	31.24
6.02	31.31
6.025	31.34
6.03	31.37
6.035	31.39
6.04	31.41
6.045	31.44
6.05	31.47
6.055	31.5
6.06	31.52
6.065	31.55
6.07	31.57
6.075	31.59
6.08	31.62
6.085	31.64
6.09	31.66
6.095	31.68
6.1	31.78
6.105	31.81
6.11	31.83
6.115	31.86
6.12	31.88
6.125	31.9
6.13	31.92
6.135	31.95
6.14	31.97
6.145	31.99
6.15	32.01
6.155	32.03
6.16	32.05
6.165	32.07
6.17	32.1
6.175	32.12
6.18	32.14
6.185	32.17
6.19	32.19
6.195	32.22
6.2	32.35
6.205	32.38
6.21	32.41
6.215	32.43
6.22	32.45
6.225	32.47
6.23	32.5
6.235	32.52
6.24	32.54
6.245	32.57
6.25	32.59
6.255	32.61
6.26	32.63
6.265	32.65
6.27	32.68
6.275	32.71
6.28	32.74
6.285	32.76
6.29	32.78
6.295	32.8
6.3	32.92
6.305	32.94
6.31	32.96
6.315	32.98
6.32	33.01
6.325	33.03
6.33	33.05
6.335	33.07
6.34	33.1
6.345	33.12
6.35	33.14
6.355	33.16
6.36	33.19
6.365	33.21
6.37	33.23
6.375	33.25
6.38	33.27
6.385	33.3
6.39	33.32
6.395	33.34
6.4	33.45
6.405	33.48
6.41	33.5
6.415	33.52
6.42	33.54
6.425	33.57
6.43	33.59
6.435	33.62
6.44	33.64
6.445	33.66
6.45	33.69
6.455	33.71
6.46	33.74
6.465	33.76
6.47	33.78
6.475	33.81
6.48	33.83
6.485	33.85
6.49	33.88
6.495	33.9
6.5	34
6.505	34.03
6.51	34.05
6.515	34.07
6.52	34.09
6.525	34.11
6.53	34.14
6.535	34.16
6.54	34.18
6.545	34.21
6.55	34.23
6.555	34.25
6.56	34.27
6.565	34.29
6.57	34.31
6.575	34.34
6.58	34.36
6.585	34.38
6.59	34.4
6.595	34.42
6.6	34.53
6.605	34.55
6.61	34.57
6.615	34.59
6.62	34.62
6.625	34.64
6.63	34.66
6.635	34.68
6.64	34.7
6.645	34.72
6.65	34.74
6.655	34.76
6.66	34.78
6.665	34.81
6.67	34.83
6.675	34.85
6.68	34.87
6.685	34.9
6.69	34.92
6.695	34.94
6.7	35.05
6.705	35.07
6.71	35.09
6.715	35.11
6.72	35.13
6.725	35.15
6.73	35.18
6.735	35.2
6.74	35.22
6.745	35.24
6.75	35.26
6.755	35.29
6.76	35.31
6.765	35.34
6.77	35.36
6.775	35.38
6.78	35.41
6.785	35.43
6.79	35.45
6.795	35.47
6.8	35.57
6.805	35.6
6.81	35.62
6.815	35.64
6.82	35.67
6.825	35.69
6.83	35.71
6.835	35.73
6.84	35.76
6.845	35.78
6.85	35.8
6.855	35.82
6.86	35.85
6.865	35.87
6.87	35.89
6.875	35.92
6.88	35.94
6.885	35.96
6.89	35.98
6.895	36.01
6.9	36.12
6.905	36.14
6.91	36.16
6.915	36.19
6.92	36.21
6.925	36.23
6.93	36.26
6.935	36.28
6.94	36.31
6.945	36.33
6.95	36.35
6.955	36.37
6.96	36.39
6.965	36.42
6.97	36.44
6.975	36.46
6.98	36.48
6.985	36.51
6.99	36.53
6.995	36.55
7	36.66
7.005	36.68
7.01	36.71
7.015	36.73
7.02	36.75
7.025	36.77
7.03	36.8
7.035	36.82
7.04	36.84
7.045	36.86
7.05	36.88
7.055	36.91
7.06	36.93
7.065	36.95
7.07	36.97
7.075	36.99
7.08	37.02
7.085	37.04
7.09	37.06
7.095	37.08
7.1	37.19
7.105	37.21
7.11	37.24
7.115	37.26
7.12	37.28
7.125	37.3
7.13	37.33
7.135	37.35
7.14	37.37
7.145	37.39
7.15	37.41
7.155	37.44
7.16	37.46
7.165	37.48
7.17	37.5
7.175	37.53
7.18	37.55
7.185	37.57
7.19	37.6
7.195	37.62
7.2	37.72
7.205	37.74
7.21	37.77
7.215	37.79
7.22	37.82
7.225	37.84
7.23	37.86
7.235	37.88
7.24	37.9
7.245	37.93
7.25	37.95
7.255	37.97
7.26	37.99
7.265	38.02
7.27	38.07
7.275	38.11
7.28	38.14
7.285	38.16
7.29	38.18
7.295	38.2
7.3	38.31
7.305	38.33
7.31	38.35
7.315	38.38
7.32	38.4
7.325	38.42
7.33	38.45
7.335	38.47
7.34	38.49
7.345	38.51
7.35	38.54
7.355	38.56
7.36	38.58
7.365	38.6
7.37	38.63
7.375	38.65
7.38	38.67
7.385	38.69
7.39	38.71
7.395	38.74
7.4	38.84
7.405	38.86
7.41	38.88
7.415	38.91
7.42	38.93
7.425	38.95
7.43	38.97
7.435	39.01
7.44	39.03
7.445	39.05
7.45	39.07
7.455	39.09
7.46	39.12
7.465	39.14
7.47	39.16
7.475	39.18
7.48	39.21
7.485	39.23
7.49	39.26
7.495	39.28
7.5	39.39
7.505	39.42
7.51	39.45
7.515	39.47
7.52	39.49
7.525	39.51
7.53	39.54
7.535	39.56
7.54	39.58
7.545	39.6
7.55	39.62
7.555	39.65
7.56	39.67
7.565	39.69
7.57	39.71
7.575	39.73
7.58	39.76
7.585	39.78
7.59	39.8
7.595	39.82
7.6	39.92
7.605	39.94
7.61	39.96
7.615	39.98
7.62	40
7.625	40.02
7.63	40.05
7.635	40.07
7.64	40.1
7.645	40.12
7.65	40.14
7.655	40.16
7.66	40.18
7.665	40.21
7.67	40.23
7.675	40.25
7.68	40.28
7.685	40.3
7.69	40.32
7.695	40.34
7.7	40.45
7.705	40.47
7.71	40.49
7.715	40.52
7.72	40.55
7.725	40.58
7.73	40.6
7.735	40.63
7.74	40.65
7.745	40.68
7.75	40.7
7.755	40.73
7.76	40.75
7.765	40.77
7.77	40.8
7.775	40.82
7.78	40.84
7.785	40.87
7.79	40.89
7.795	40.92
7.8	41.02
7.805	41.04
7.81	41.06
7.815	41.09
7.82	41.11
7.825	41.14
7.83	41.16
7.835	41.18
7.84	41.2
7.845	41.23
7.85	41.25
7.855	41.27
7.86	41.29
7.865	41.33
7.87	41.35
7.875	41.37
7.88	41.39
7.885	41.42
7.89	41.44
7.895	41.46
7.9	41.57
7.905	41.6
7.91	41.62
7.915	41.64
7.92	41.67
7.925	41.69
7.93	41.71
7.935	41.74
7.94	41.77
7.945	41.79
7.95	41.81
7.955	41.84
7.96	41.86
7.965	41.88
7.97	41.91
7.975	41.93
7.98	41.95
7.985	41.98
7.99	42
7.995	42.02
8	42.12
8.005	42.14
8.01	42.17
8.015	42.19
8.02	42.21
8.025	42.24
8.03	42.26
8.035	42.28
8.04	42.3
8.045	42.32
8.05	42.34
8.055	42.36
8.06	42.38
8.065	42.41
8.07	42.43
8.075	42.45
8.08	42.47
8.085	42.49
8.09	42.52
8.095	42.54
8.1	42.64
8.105	42.67
8.11	42.69
8.115	42.71
8.12	42.73
8.125	42.75
8.13	42.78
8.135	42.8
8.14	42.83
8.145	42.85
8.15	42.88
8.155	42.91
8.16	42.93
8.165	42.95
8.17	42.98
8.175	43
8.18	43.02
8.185	43.05
8.19	43.07
8.195	43.09
8.2	43.2
8.205	43.22
8.21	43.24
8.215	43.27
8.22	43.29
8.225	43.31
8.23	43.33
8.235	43.35
8.24	43.38
8.245	43.4
8.25	43.42
8.255	43.44
8.26	43.47
8.265	43.49
8.27	43.51
8.275	43.53
8.28	43.55
8.285	43.57
8.29	43.6
8.295	43.62
8.3	43.72
8.305	43.74
8.31	43.76
8.315	43.79
8.32	43.81
8.325	43.83
8.33	43.85
8.335	43.88
8.34	43.9
8.345	43.92
8.35	43.94
8.355	43.97
8.36	43.99
8.365	44.01
8.37	44.03
8.375	44.05
8.38	44.08
8.385	44.1
8.39	44.12
8.395	44.14
8.4	44.25
8.405	44.27
8.41	44.29
8.415	44.31
8.42	44.34
8.425	44.36
8.43	44.38
8.435	44.41
8.44	44.43
8.445	44.45
8.45	44.47
8.455	44.5
8.46	44.52
8.465	44.54
8.47	44.57
8.475	44.6
8.48	44.65
8.485	44.69
8.49	44.71
8.495	44.74
8.5	44.85
8.505	44.88
8.51	44.91
8.515	44.93
8.52	44.96
8.525	44.98
8.53	45
8.535	45.03
8.54	45.06
8.545	45.09
8.55	45.11
8.555	45.14
8.56	45.17
8.565	45.2
8.57	45.22
8.575	45.24
8.58	45.26
8.585	45.29
8.59	45.31
8.595	45.33
8.6	45.44
8.605	45.46
8.61	45.48
8.615	45.51
8.62	45.53
8.625	45.55
8.63	45.57
8.635	45.59
8.64	45.62
8.645	45.64
8.65	45.66
8.655	45.68
8.66	45.7
8.665	45.73
8.67	45.75
8.675	45.78
8.68	45.8
8.685	45.82
8.69	45.85
8.695	45.87
8.7	45.97
8.705	46
8.71	46.02
8.715	46.04
8.72	46.06
8.725	46.09
8.73	46.11
8.735	46.13
8.74	46.15
8.745	46.18
8.75	46.2
8.755	46.22
8.76	46.24
8.765	46.26
8.77	46.29
8.775	46.31
8.78	46.33
8.785	46.35
8.79	46.37
8.795	46.39
8.8	46.51
8.805	46.53
8.81	46.55
8.815	46.58
8.82	46.6
8.825	46.62
8.83	46.65
8.835	46.67
8.84	46.69
8.845	46.71
8.85	46.73
8.855	46.76
8.86	46.78
8.865	46.81
8.87	46.83
8.875	46.85
8.88	46.87
8.885	46.9
8.89	46.92
8.895	46.94
8.9	47.06
8.905	47.08
8.91	47.1
8.915	47.13
8.92	47.15
8.925	47.17
8.93	47.19
8.935	47.21
8.94	47.23
8.945	47.26
8.95	47.28
8.955	47.31
8.96	47.34
8.965	47.37
8.97	47.39
8.975	47.41
8.98	47.44
8.985	47.46
8.99	47.48
8.995	47.51
9	47.62
9.005	47.65
9.01	47.67
9.015	47.7
9.02	47.73
9.025	47.76
9.03	47.79
9.035	47.82
9.04	47.85
9.045	47.88
9.05	47.9
9.055	47.93
9.06	47.95
9.065	47.98
9.07	48.01
9.075	48.03
9.08	48.07
9.085	48.09
9.09	48.13
9.095	48.16
9.1	48.27
9.105	48.3
9.11	48.33
9.115	48.35
9.12	48.38
9.125	48.4
9.13	48.43
9.135	48.46
9.14	48.48
9.145	48.5
9.15	48.52
9.155	48.55
9.16	48.58
9.165	48.6
9.17	48.62
9.175	48.65
9.18	48.68
9.185	48.71
9.19	48.73
9.195	48.76
9.2	48.89
9.205	48.91
9.21	48.93
9.215	48.96
9.22	48.98
9.225	49.01
9.23	49.03
9.235	49.06
9.24	49.09
9.245	49.11
9.25	49.13
9.255	49.16
9.26	49.18
9.265	49.21
9.27	49.23
9.275	49.26
9.28	49.29
9.285	49.31
9.29	49.34
9.295	49.37
9.3	49.49
9.305	49.51
9.31	49.53
9.315	49.55
9.32	49.58
9.325	49.6
9.33	49.62
9.335	49.65
9.34	49.67
9.345	49.7
9.35	49.73
9.355	49.76
9.36	49.8
9.365	49.83
9.37	49.85
9.375	49.87
9.38	49.9
9.385	49.92
9.39	49.94
9.395	49.97
9.4	50.09
9.405	50.12
9.41	50.14
9.415	50.16
9.42	50.19
9.425	50.21
9.43	50.23
9.435	50.25
9.44	50.28
9.445	50.3
9.45	50.33
9.455	50.35
9.46	50.37
9.465	50.4
9.47	50.43
9.475	50.46
9.48	50.48
9.485	50.51
9.49	50.53
9.495	50.55
9.5	50.66
9.505	50.69
9.51	50.71
9.515	50.74
9.52	50.76
9.525	50.78
9.53	50.81
9.535	50.83
9.54	50.86
9.545	50.88
9.55	50.92
9.555	50.94
9.56	50.96
9.565	50.99
9.57	51.01
9.575	51.06
9.58	51.1
9.585	51.13
9.59	51.16
9.595	51.19
9.6	51.31
9.605	51.33
9.61	51.35
9.615	51.38
9.62	51.4
9.625	51.43
9.63	51.45
9.635	51.47
9.64	51.49
9.645	51.52
9.65	51.55
9.655	51.57
9.66	51.59
9.665	51.62
9.67	51.65
9.675	51.67
9.68	51.7
9.685	51.72
9.69	51.75
9.695	51.78
9.7	51.9
9.705	51.93
9.71	51.97
9.715	51.99
9.72	52.02
9.725	52.06
9.73	52.09
9.735	52.12
9.74	52.14
9.745	52.17
9.75	52.19
9.755	52.21
9.76	52.24
9.765	52.26
9.77	52.29
9.775	52.31
9.78	52.33
9.785	52.35
9.79	52.38
9.795	52.4
9.8	52.52
9.805	52.56
9.81	52.59
9.815	52.62
9.82	52.65
9.825	52.67
9.83	52.71
9.835	52.74
9.84	52.77
9.845	52.79
9.85	52.81
9.855	52.84
9.86	52.87
9.865	52.9
9.87	52.92
9.875	52.94
9.88	52.96
9.885	52.99
9.89	53.01
9.895	53.04
9.9	53.14
9.905	53.17
9.91	53.2
9.915	53.23
9.92	53.25
9.925	53.28
9.93	53.31
9.935	53.33
9.94	53.36
9.945	53.38
9.95	53.4
9.955	53.43
9.96	53.46
9.965	53.49
9.97	53.51
9.975	53.55
9.98	53.57
9.985	53.6
9.99	53.62
9.995	53.64
10	53.74
