0.005	0.551896
0.01	0.289352
0.015	0.117284
0.02	0.0494491
0.025	0.0402001
0.03	0.0265437
0.035	0.0221731
0.04	0.0170081
0.045	0.013668
0.05	0.0105855
0.055	0.00779515
0.06	0.00656225
0.065	0.0052926
0.07	0.00444028
0.075	0.00356249
0.08	0.0028995
0.085	0.00240047
0.09	0.00196833
0.095	0.00160421
0.1	0.0013338
0.105	0.00108793
0.11	0.000917708
0.115	0.000754824
0.12	0.000639417
0.125	0.000535348
0.13	0.000446473
0.135	0.000375508
0.14	0.000310488
0.145	0.000267364
0.15	0.000226816
0.155	0.000181757
0.16	0.00016048
0.165	0.000129145
0.17	0.000119937
0.175	9.9191e-05
0.18	7.26293e-05
0.185	6.44578e-05
0.19	5.27837e-05
0.195	5.23857e-05
0.2	4.55486e-05
0.205	3.87247e-05
0.21	2.9231e-05
0.215	2.53473e-05
0.22	2.20064e-05
0.225	2.45596e-05
0.23	1.92583e-05
0.235	1.73481e-05
0.24	1.52486e-05
0.245	2.46651e-05
0.25	2.15739e-05
0.255	1.95618e-05
0.26	1.1905e-05
0.265	9.04275e-06
0.27	8.43396e-06
0.275	7.65738e-06
0.28	3.38817e-05
0.285	3.08187e-05
0.29	2.81555e-05
0.295	2.54253e-05
0.3	1.80768e-06
0.305	1.67445e-06
0.31	1.76672e-06
0.315	1.36709e-06
0.32	1.59894e-06
0.325	1.43867e-06
0.33	1.31384e-06
0.335	1.6159e-06
0.34	1.66163e-06
0.345	1.39548e-06
0.35	1.68895e-06
0.355	1.34825e-06
0.36	1.44491e-06
0.365	1.13234e-06
0.37	1.00798e-06
0.375	1.03782e-06
0.38	1.05173e-06
0.385	1.26143e-06
0.39	1.0135e-06
0.395	1.16616e-06
0.4	1.06486e-06
0.405	8.65744e-07
0.41	1.0039e-06
0.415	1.14216e-06
0.42	1.18679e-06
0.425	1.17802e-06
0.43	9.70894e-07
0.435	1.24966e-06
0.44	6.64304e-07
0.445	1.14792e-06
0.45	9.89814e-07
0.455	1.0164e-06
0.46	9.83424e-07
0.465	1.14277e-06
0.47	1.10298e-06
0.475	9.73117e-07
0.48	9.7437e-07
0.485	1.05889e-06
0.49	1.03916e-06
0.495	1.01106e-06
0.5	1.02254e-06
0.505	9.31101e-07
0.51	1.01677e-06
0.515	1.03185e-06
0.52	9.03338e-07
0.525	9.3839e-07
0.53	9.20286e-07
0.535	9.19662e-07
0.54	9.02234e-07
0.545	8.6858e-07
0.55	8.3455e-07
0.555	1.04408e-06
0.56	1.02176e-06
0.565	9.62219e-07
0.57	8.66056e-07
0.575	8.21556e-07
0.58	1.06e-06
0.585	1.05586e-06
0.59	9.83205e-07
0.595	8.58897e-07
0.6	8.1191e-07
0.605	1.06638e-06
0.61	1.07022e-06
0.615	9.94274e-07
0.62	8.47443e-07
0.625	7.94762e-07
0.63	1.07294e-06
0.635	1.07963e-06
0.64	9.9988e-07
0.645	8.46591e-07
0.65	7.95544e-07
0.655	8.19496e-07
0.66	7.98699e-07
0.665	7.80931e-07
0.67	1.05441e-06
0.675	1.00713e-06
0.68	9.00511e-07
0.685	7.29746e-07
0.69	1.07149e-06
0.695	9.1586e-07
0.7	6.59295e-07
0.705	1.0177e-06
0.71	8.27838e-07
0.715	1.03084e-06
0.72	8.77413e-07
0.725	5.37714e-07
0.73	9.1863e-07
0.735	5.21108e-07
0.74	9.56921e-07
0.745	5.0972e-07
0.75	9.91646e-07
0.755	5.04362e-07
0.76	1.01324e-06
0.765	6.4448e-07
0.77	8.7149e-07
0.775	9.95854e-07
0.78	5.02562e-07
0.785	1.06012e-06
0.79	6.73482e-07
0.795	9.2754e-07
0.8	4.95875e-07
0.805	9.98969e-07
0.81	5.37573e-07
0.815	1.06737e-06
0.82	7.12947e-07
0.825	9.55635e-07
0.83	5.52029e-07
0.835	1.03752e-06
0.84	7.29793e-07
0.845	9.58417e-07
0.85	5.83977e-07
0.855	1.05623e-06
0.86	7.67029e-07
0.865	9.96759e-07
0.87	6.17777e-07
0.875	1.10342e-06
0.88	8.07303e-07
0.885	1.04643e-06
0.89	8.83881e-07
0.895	5.75868e-07
0.9	9.5796e-07
0.905	6.04975e-07
0.91	1.04683e-06
0.915	7.79764e-07
0.92	1.00052e-06
0.925	8.51945e-07
0.93	5.52595e-07
0.935	9.21662e-07
0.94	5.75823e-07
0.945	1.0059e-06
0.95	7.47577e-07
0.955	9.65838e-07
0.96	5.9757e-07
0.965	1.06889e-06
0.97	7.77718e-07
0.975	1.01017e-06
0.98	8.44876e-07
0.985	5.43243e-07
0.99	9.08599e-07
0.995	5.68929e-07
1	9.84034e-07
1.005	5.93219e-07
1.01	1.05617e-06
1.015	7.58307e-07
1.02	9.78984e-07
1.025	5.91866e-07
1.03	1.06079e-06
1.035	7.58173e-07
1.04	9.81823e-07
1.045	5.88522e-07
1.05	1.06279e-06
1.055	7.54095e-07
1.06	9.79455e-07
1.065	5.80978e-07
1.07	1.05835e-06
1.075	7.4514e-07
1.08	9.70762e-07
1.085	5.6974e-07
1.09	1.04793e-06
1.095	7.31574e-07
1.1	9.5672e-07
1.105	5.55052e-07
1.11	1.03121e-06
1.115	7.13737e-07
1.12	9.37174e-07
1.125	5.3715e-07
1.13	1.00824e-06
1.135	6.91521e-07
1.14	9.11512e-07
1.145	1.03107e-06
1.15	8.87306e-07
1.155	4.92399e-07
1.16	9.18381e-07
1.165	4.99533e-07
1.17	9.61601e-07
1.175	5.09535e-07
1.18	1.00325e-06
1.185	6.53276e-07
1.19	8.74702e-07
1.195	9.94555e-07
1.2	5.16283e-07
1.205	1.06655e-06
1.21	6.77415e-07
1.215	9.23539e-07
1.22	4.72669e-07
1.225	9.72805e-07
1.23	4.86847e-07
1.235	1.016e-06
1.24	6.29235e-07
1.245	8.63275e-07
1.25	9.9101e-07
1.255	4.86092e-07
1.26	1.05734e-06
1.265	6.4528e-07
1.27	8.98161e-07
1.275	1.03742e-06
1.28	8.4597e-07
1.285	4.07234e-07
1.29	8.57873e-07
1.295	4.07808e-07
1.3	8.79691e-07
1.305	4.14051e-07
1.31	9.07146e-07
1.315	4.22219e-07
1.32	9.36604e-07
1.325	4.30408e-07
1.33	9.69436e-07
1.335	4.40862e-07
1.34	1.00344e-06
1.345	5.87847e-07
1.35	8.32704e-07
1.355	9.68072e-07
1.36	4.48928e-07
1.365	1.0357e-06
1.37	6.14507e-07
1.375	8.72749e-07
1.38	1.01626e-06
1.385	8.24504e-07
1.39	3.88402e-07
1.395	8.4022e-07
1.4	3.94094e-07
1.405	8.67119e-07
1.41	4.06053e-07
1.415	8.97863e-07
1.42	4.18065e-07
1.425	9.3102e-07
1.43	4.30001e-07
1.435	9.64089e-07
1.44	4.41245e-07
1.445	9.97856e-07
1.45	4.5251e-07
1.455	1.03046e-06
1.46	6.00063e-07
1.465	8.49386e-07
1.47	9.86447e-07
1.475	4.50292e-07
1.48	1.04736e-06
1.485	6.12063e-07
1.49	8.72335e-07
1.495	1.01683e-06
1.5	8.14469e-07
1.505	3.68748e-07
1.51	8.22176e-07
1.515	1.06365e-06
1.52	7.98342e-07
1.525	3.5432e-07
1.53	7.98314e-07
1.535	1.03374e-06
1.54	7.70586e-07
1.545	3.37828e-07
1.55	7.67831e-07
1.555	9.95275e-07
1.56	4.30244e-07
1.565	1.04733e-06
1.57	5.92067e-07
1.575	8.58402e-07
1.58	1.006e-06
1.585	7.92948e-07
1.59	3.3941e-07
1.595	7.9719e-07
1.6	1.04012e-06
1.605	7.69786e-07
1.61	3.2677e-07
1.615	7.69156e-07
1.62	1.00282e-06
1.625	7.40267e-07
1.63	1.10234e-06
1.635	7.68156e-07
1.64	3.23891e-07
1.645	7.59806e-07
1.65	9.89777e-07
1.655	4.23368e-07
1.66	1.042e-06
1.665	5.82847e-07
1.67	8.47647e-07
1.675	9.9465e-07
1.68	4.32008e-07
1.685	1.06179e-06
1.69	5.99245e-07
1.695	8.71928e-07
1.7	1.0237e-06
1.705	8.11291e-07
1.71	3.47569e-07
1.715	8.13409e-07
1.72	1.06034e-06
1.725	7.88906e-07
1.73	3.35697e-07
1.735	7.83323e-07
1.74	1.01921e-06
1.745	7.55079e-07
1.75	1.11906e-06
1.755	7.78313e-07
1.76	3.31064e-07
1.765	7.69689e-07
1.77	9.99721e-07
1.775	4.27481e-07
1.78	1.04656e-06
1.785	5.87408e-07
1.79	8.51079e-07
1.795	9.96913e-07
1.8	4.31948e-07
1.805	1.0587e-06
1.81	5.98275e-07
1.815	8.68064e-07
1.82	1.0176e-06
1.825	8.03525e-07
1.83	3.44708e-07
1.835	8.04143e-07
1.84	1.0466e-06
1.845	7.75789e-07
1.85	3.2999e-07
1.855	7.68835e-07
1.86	9.99143e-07
1.865	4.28304e-07
1.87	1.04906e-06
1.875	5.8807e-07
1.88	8.53256e-07
1.885	9.99617e-07
1.89	4.32325e-07
1.895	1.06201e-06
1.9	5.98824e-07
1.905	8.7021e-07
1.91	1.02058e-06
1.915	8.05437e-07
1.92	3.43252e-07
1.925	8.05584e-07
1.93	1.04921e-06
1.935	7.76948e-07
1.94	3.27683e-07
1.945	7.69032e-07
1.95	1.00043e-06
1.955	7.37103e-07
1.96	1.09327e-06
1.965	7.57858e-07
1.97	3.16529e-07
1.975	7.4555e-07
1.98	9.69464e-07
1.985	4.09869e-07
1.99	1.0119e-06
1.995	5.62416e-07
2	8.18097e-07
2.005	9.58962e-07
2.01	4.09641e-07
2.015	1.01566e-06
2.02	5.68031e-07
2.025	8.28167e-07
2.03	9.7215e-07
2.035	4.1596e-07
2.04	1.03545e-06
2.045	5.80172e-07
2.05	8.48018e-07
2.055	9.96712e-07
2.06	4.26235e-07
2.065	1.06585e-06
2.07	5.97411e-07
2.075	8.75168e-07
2.08	1.02986e-06
2.085	8.10753e-07
2.09	3.37745e-07
2.095	8.13071e-07
2.1	1.06463e-06
2.105	7.84732e-07
2.11	3.22088e-07
2.115	7.77901e-07
2.12	1.01771e-06
2.125	7.452e-07
2.13	1.11487e-06
2.135	7.67857e-07
2.14	3.11135e-07
2.145	7.5498e-07
2.15	9.87499e-07
2.155	4.08217e-07
2.16	1.03302e-06
2.165	5.65929e-07
2.17	8.31159e-07
2.175	9.77975e-07
2.18	4.08311e-07
2.185	1.03778e-06
2.19	5.72164e-07
2.195	8.4206e-07
2.2	9.92213e-07
2.205	4.15197e-07
2.21	1.05843e-06
2.215	5.85038e-07
2.22	8.62919e-07
2.225	1.01807e-06
2.23	7.96594e-07
2.235	3.23648e-07
2.24	7.96734e-07
2.245	1.04753e-06
2.25	7.67083e-07
2.255	3.07006e-07
2.26	7.58584e-07
2.265	9.96305e-07
2.27	4.08699e-07
2.275	1.04795e-06
2.28	5.71428e-07
2.285	8.44121e-07
2.29	9.95841e-07
2.295	4.11333e-07
2.3	1.05974e-06
2.305	5.80986e-07
2.31	8.60071e-07
2.315	1.01574e-06
2.32	7.92529e-07
2.325	3.17369e-07
2.33	7.91406e-07
2.335	1.04221e-06
2.34	7.61124e-07
2.345	3.00363e-07
2.35	7.51681e-07
2.355	9.88963e-07
2.36	4.01852e-07
2.365	1.03965e-06
2.37	5.63744e-07
2.375	8.35734e-07
2.38	9.86719e-07
2.385	4.04118e-07
2.39	1.04965e-06
2.395	5.72754e-07
2.4	8.50648e-07
2.405	1.00539e-06
2.41	7.8328e-07
2.415	3.10344e-07
2.42	7.81766e-07
2.425	1.03103e-06
2.43	7.51654e-07
2.435	2.93539e-07
2.44	7.42043e-07
2.445	9.7772e-07
2.45	3.94725e-07
2.455	1.02789e-06
2.46	5.55482e-07
2.465	8.25614e-07
2.47	9.75387e-07
2.475	3.97425e-07
2.48	1.03784e-06
2.485	5.64814e-07
2.49	8.40485e-07
2.495	9.93837e-07
2.5	4.07151e-07
2.505	1.06301e-06
2.51	5.81078e-07
2.515	8.65296e-07
2.52	1.02371e-06
2.525	7.98795e-07
2.53	3.15321e-07
2.535	7.99822e-07
2.54	1.05583e-06
2.545	7.70686e-07
2.55	2.9985e-07
2.555	7.62645e-07
2.56	1.0058e-06
2.565	7.29354e-07
2.57	1.10294e-06
2.575	7.52019e-07
2.58	2.90062e-07
2.585	7.3846e-07
2.59	9.73086e-07
2.595	3.89234e-07
2.6	1.01893e-06
2.605	5.47878e-07
2.61	8.15327e-07
2.615	9.63133e-07
2.62	3.90668e-07
2.625	1.02316e-06
2.63	5.55094e-07
2.635	8.26624e-07
2.64	9.77033e-07
2.645	3.98901e-07
2.65	1.04344e-06
2.655	5.69078e-07
2.66	8.47793e-07
2.665	1.0025e-06
2.67	7.81989e-07
2.675	3.07839e-07
2.68	7.81771e-07
2.685	1.03157e-06
2.69	7.52704e-07
2.695	2.92228e-07
2.7	7.44008e-07
2.705	9.80557e-07
2.71	3.95058e-07
2.715	1.03211e-06
2.72	5.57646e-07
2.725	8.29826e-07
2.73	9.80113e-07
2.735	3.99167e-07
2.74	1.04362e-06
2.745	5.68316e-07
2.75	8.46068e-07
2.755	9.99831e-07
2.76	4.09934e-07
2.765	1.07011e-06
2.77	5.85557e-07
2.775	8.71857e-07
2.78	1.03074e-06
2.785	8.05365e-07
2.79	3.18111e-07
2.795	8.0671e-07
2.8	1.06384e-06
2.805	7.77666e-07
2.81	3.02697e-07
2.815	7.69584e-07
2.82	1.01384e-06
2.825	7.36304e-07
2.83	1.11194e-06
2.835	7.5888e-07
2.84	2.92864e-07
2.845	7.45774e-07
2.85	9.81653e-07
2.855	3.93238e-07
2.86	1.02697e-06
2.865	5.53513e-07
2.87	8.22857e-07
2.875	9.71296e-07
2.88	3.94509e-07
2.885	1.03113e-06
2.89	5.60613e-07
2.895	8.33795e-07
2.9	9.85179e-07
2.905	4.02531e-07
2.91	1.05155e-06
2.915	5.74362e-07
2.92	8.5488e-07
2.925	1.01084e-06
2.93	7.87986e-07
2.935	3.11136e-07
2.94	7.88271e-07
2.945	1.03982e-06
2.95	7.584e-07
2.955	2.95159e-07
2.96	7.49969e-07
2.965	9.88259e-07
2.97	3.98006e-07
2.975	1.03968e-06
2.98	5.61823e-07
2.985	8.36197e-07
2.99	9.87686e-07
2.995	4.01598e-07
3	1.05128e-06
3.005	5.72075e-07
3.01	8.52304e-07
3.015	1.00748e-06
3.02	7.84442e-07
3.025	3.08621e-07
3.03	7.83424e-07
3.035	1.03366e-06
3.04	7.52911e-07
3.045	2.92198e-07
3.05	7.43684e-07
3.055	9.80421e-07
3.06	3.93998e-07
3.065	1.03055e-06
3.07	5.56015e-07
3.075	8.27967e-07
3.08	9.77962e-07
3.085	3.96985e-07
3.09	1.04018e-06
3.095	5.6545e-07
3.1	8.42719e-07
3.105	9.96116e-07
3.11	4.06894e-07
3.115	1.0652e-06
3.12	5.81617e-07
3.125	8.6733e-07
3.13	1.02563e-06
3.135	8.00245e-07
3.14	3.14996e-07
3.145	8.01142e-07
3.15	1.05746e-06
3.155	7.7155e-07
3.16	2.99334e-07
3.165	7.63394e-07
3.17	1.00679e-06
3.175	7.29671e-07
3.18	1.10352e-06
3.185	7.52194e-07
3.19	2.8885e-07
3.195	7.3848e-07
3.2	9.73187e-07
3.205	3.88792e-07
3.21	1.01841e-06
3.215	5.47399e-07
3.22	8.14889e-07
3.225	9.62451e-07
3.23	3.8981e-07
3.235	1.0218e-06
3.24	5.5416e-07
3.245	8.25469e-07
3.25	9.75666e-07
3.255	3.97718e-07
3.26	1.04139e-06
3.265	5.67759e-07
3.27	8.46032e-07
3.275	1.0005e-06
3.28	7.79737e-07
3.285	3.06185e-07
3.29	7.79627e-07
3.295	1.02869e-06
3.3	7.50091e-07
3.305	2.90333e-07
3.31	7.4132e-07
3.315	9.77122e-07
3.32	3.93029e-07
3.325	1.028e-06
3.33	5.55105e-07
3.335	8.2644e-07
3.34	9.76189e-07
3.345	3.96684e-07
3.35	1.03917e-06
3.355	5.65416e-07
3.36	8.42072e-07
3.365	9.95569e-07
3.37	4.07106e-07
3.375	1.0654e-06
3.38	5.82251e-07
3.385	8.67508e-07
3.39	1.02621e-06
3.395	8.00681e-07
3.4	3.15411e-07
3.405	8.01956e-07
3.41	1.05861e-06
3.415	7.72658e-07
3.42	2.99945e-07
3.425	7.64784e-07
3.43	1.00832e-06
3.435	7.31262e-07
3.44	1.10579e-06
3.445	7.53947e-07
3.45	2.90025e-07
3.455	7.40599e-07
3.46	9.75579e-07
3.465	3.90155e-07
3.47	1.02121e-06
3.475	5.49679e-07
3.48	8.17452e-07
3.485	9.65525e-07
3.49	3.9136e-07
3.495	1.02543e-06
3.5	5.56788e-07
3.505	8.28638e-07
3.51	9.79432e-07
3.515	3.99461e-07
3.52	1.04585e-06
3.525	5.70639e-07
3.53	8.49849e-07
3.535	1.00511e-06
3.54	7.83456e-07
3.545	3.08597e-07
3.55	7.83564e-07
3.555	1.03417e-06
3.56	7.54104e-07
3.565	2.92823e-07
3.57	7.45456e-07
3.575	9.82864e-07
3.58	3.95741e-07
3.585	1.03464e-06
3.59	5.59205e-07
3.595	8.31723e-07
3.6	9.82889e-07
3.605	3.99495e-07
3.61	1.0467e-06
3.615	5.69831e-07
3.62	8.48257e-07
3.625	1.00322e-06
3.63	7.80942e-07
3.635	3.07264e-07
3.64	7.80192e-07
3.645	1.02966e-06
3.65	7.50172e-07
3.655	2.91086e-07
3.66	7.41182e-07
3.665	9.77125e-07
3.67	3.93051e-07
3.675	1.0278e-06
3.68	5.55088e-07
3.685	8.25799e-07
3.69	9.75749e-07
3.695	3.96365e-07
3.7	1.03868e-06
3.705	5.65089e-07
3.71	8.41336e-07
3.715	9.95039e-07
3.72	4.06744e-07
3.725	1.06508e-06
3.73	5.81926e-07
3.735	8.66909e-07
3.74	1.026e-06
3.745	8.00309e-07
3.75	3.15736e-07
3.755	8.01613e-07
3.76	1.05866e-06
3.765	7.72558e-07
3.77	3.00346e-07
3.775	7.64831e-07
3.78	1.0089e-06
3.785	7.31546e-07
3.79	1.10719e-06
3.795	7.54574e-07
3.8	2.90513e-07
3.805	7.41434e-07
3.81	9.77115e-07
3.815	3.90856e-07
3.82	1.02348e-06
3.825	5.50733e-07
3.83	8.19265e-07
3.835	9.68215e-07
3.84	3.92425e-07
3.845	1.02901e-06
3.85	5.58412e-07
3.855	8.31462e-07
3.86	9.8341e-07
3.865	4.01055e-07
3.87	1.05071e-06
3.875	5.72978e-07
3.88	8.53834e-07
3.885	1.01044e-06
3.89	7.87436e-07
3.895	3.0983e-07
3.9	7.87929e-07
3.905	1.04058e-06
3.91	7.58537e-07
3.915	2.94186e-07
3.92	7.50346e-07
3.925	9.89836e-07
3.93	3.98442e-07
3.935	1.04261e-06
3.94	5.63127e-07
3.945	8.38281e-07
3.95	9.91243e-07
3.955	4.02988e-07
3.96	1.0563e-06
3.965	5.74727e-07
3.97	8.56234e-07
3.975	1.01319e-06
3.98	7.88711e-07
3.985	3.09641e-07
3.99	7.88282e-07
3.995	1.04099e-06
4	7.58267e-07
4.005	2.93588e-07
4.01	7.49567e-07
4.015	9.88661e-07
4.02	3.97659e-07
4.025	1.04073e-06
4.03	5.61882e-07
4.035	8.36358e-07
4.04	9.88762e-07
4.045	4.01843e-07
4.05	1.05332e-06
4.055	5.72983e-07
4.06	8.53503e-07
4.065	1.00977e-06
4.07	7.8595e-07
4.075	3.08293e-07
4.08	7.8542e-07
4.085	1.03688e-06
4.09	7.55392e-07
4.095	2.92192e-07
4.1	7.46555e-07
4.105	9.84492e-07
4.11	3.95873e-07
4.115	1.03614e-06
4.12	5.59306e-07
4.125	8.32701e-07
4.13	9.8428e-07
4.135	3.99953e-07
4.14	1.04833e-06
4.145	5.70265e-07
4.15	8.4953e-07
4.155	1.00499e-06
4.16	7.82318e-07
4.165	3.06714e-07
4.17	7.81763e-07
4.175	1.03194e-06
4.18	7.51827e-07
4.185	2.90652e-07
4.19	7.42964e-07
4.195	9.79716e-07
4.2	3.93892e-07
4.205	1.03112e-06
4.21	5.56602e-07
4.215	8.28715e-07
4.22	9.79475e-07
4.225	3.9796e-07
4.23	1.04324e-06
4.235	5.67516e-07
4.24	8.45617e-07
4.245	1.00015e-06
4.25	7.78755e-07
4.255	3.05226e-07
4.26	7.78122e-07
4.265	1.02702e-06
4.27	7.48368e-07
4.275	2.89287e-07
4.28	7.39456e-07
4.285	9.7521e-07
4.29	3.92009e-07
4.295	1.02632e-06
4.3	5.54005e-07
4.305	8.2506e-07
4.31	9.75041e-07
4.315	3.96146e-07
4.32	1.03846e-06
4.325	5.64988e-07
4.33	8.42098e-07
4.335	9.95717e-07
4.34	4.07264e-07
4.345	1.06617e-06
4.35	5.82911e-07
4.355	8.6919e-07
4.36	1.02807e-06
4.365	8.03009e-07
4.37	3.15946e-07
4.375	8.04809e-07
4.38	1.06242e-06
4.385	7.7609e-07
4.39	3.00931e-07
4.395	7.68658e-07
4.4	1.0139e-06
4.405	7.35738e-07
4.41	1.11294e-06
4.415	7.59447e-07
4.42	2.91755e-07
4.425	7.46619e-07
4.43	9.83993e-07
4.435	3.93337e-07
4.44	1.0311e-06
4.445	5.54798e-07
4.45	8.26632e-07
4.455	9.76459e-07
4.46	3.95926e-07
4.465	1.03817e-06
4.47	5.63839e-07
4.475	8.40454e-07
4.48	9.93398e-07
4.485	4.05485e-07
4.49	1.06197e-06
4.495	5.7982e-07
4.5	8.64592e-07
4.505	1.0225e-06
4.51	7.9802e-07
4.515	3.13697e-07
4.52	7.99188e-07
4.525	1.05476e-06
4.53	7.69934e-07
4.535	2.98375e-07
4.54	7.62178e-07
4.545	1.00506e-06
4.55	7.29018e-07
4.555	1.10244e-06
4.56	7.52116e-07
4.565	2.88798e-07
4.57	7.38969e-07
4.575	9.73813e-07
4.58	3.89117e-07
4.585	1.01994e-06
4.59	5.48541e-07
4.595	8.17338e-07
4.6	9.65385e-07
4.605	3.91257e-07
4.61	1.02603e-06
4.615	5.56948e-07
4.62	8.30291e-07
4.625	9.81342e-07
4.63	4.00396e-07
4.635	1.04874e-06
4.64	5.72363e-07
4.645	8.53595e-07
4.65	1.00942e-06
4.655	7.87752e-07
4.66	3.09675e-07
4.665	7.8863e-07
4.67	1.04075e-06
4.675	7.59704e-07
4.68	2.944e-07
4.685	7.51882e-07
4.69	9.91426e-07
4.695	3.99114e-07
4.7	1.04456e-06
4.705	5.64536e-07
4.71	8.41183e-07
4.715	9.94071e-07
4.72	4.04316e-07
4.725	1.05986e-06
4.73	5.77175e-07
4.735	8.60478e-07
4.74	1.01768e-06
4.745	7.93243e-07
4.75	3.11495e-07
4.755	7.93347e-07
4.76	1.04719e-06
4.765	7.63727e-07
4.77	2.95736e-07
4.775	7.55436e-07
4.78	9.96101e-07
4.785	4.00713e-07
4.79	1.04912e-06
4.795	5.66622e-07
4.8	8.44187e-07
4.805	9.97758e-07
4.81	4.05514e-07
4.815	1.06345e-06
4.82	5.78839e-07
4.825	8.62926e-07
4.83	1.02063e-06
4.835	7.95301e-07
4.84	3.12171e-07
4.845	7.95223e-07
4.85	1.04965e-06
4.855	7.65442e-07
4.86	2.96296e-07
4.865	7.56942e-07
4.87	9.98168e-07
4.875	4.0145e-07
4.88	1.05105e-06
4.885	5.67651e-07
4.89	8.45821e-07
4.895	9.99447e-07
4.9	4.06187e-07
4.905	1.06509e-06
4.91	5.79773e-07
4.915	8.64289e-07
4.92	1.02205e-06
4.925	7.96466e-07
4.93	3.12609e-07
4.935	7.96385e-07
4.94	1.05102e-06
4.945	7.66508e-07
4.95	2.96692e-07
4.955	7.57924e-07
4.96	9.99477e-07
4.965	4.02004e-07
4.97	1.05227e-06
4.975	5.6836e-07
4.98	8.46804e-07
4.985	1.00053e-06
4.99	7.76167e-07
4.995	3.02975e-07
5	7.72596e-07
5.005	1.01928e-06
5.01	7.41171e-07
5.015	1.12122e-06
5.02	7.65576e-07
5.025	2.94535e-07
5.03	7.53374e-07
5.035	9.92906e-07
5.04	3.9731e-07
5.045	1.04083e-06
5.05	5.60391e-07
5.055	8.34529e-07
5.06	9.85948e-07
5.065	3.99944e-07
5.07	1.0486e-06
5.075	5.69579e-07
5.08	8.4862e-07
5.085	1.00347e-06
5.09	7.80458e-07
5.095	3.05946e-07
5.1	7.79156e-07
5.105	1.02835e-06
5.11	7.48812e-07
5.115	2.89676e-07
5.12	7.39729e-07
5.125	9.75222e-07
5.13	3.91914e-07
5.135	1.02568e-06
5.14	5.53448e-07
5.145	8.23952e-07
5.15	9.73831e-07
5.155	3.95534e-07
5.16	1.03695e-06
5.165	5.63831e-07
5.17	8.40123e-07
5.175	9.93917e-07
5.18	4.06292e-07
5.185	1.06425e-06
5.19	5.81359e-07
5.195	8.66846e-07
5.2	1.02603e-06
5.205	8.00767e-07
5.21	3.15707e-07
5.215	8.02566e-07
5.22	1.06007e-06
5.225	7.73887e-07
5.23	3.00776e-07
5.235	7.66745e-07
5.24	1.01145e-06
5.245	7.33821e-07
5.25	1.11073e-06
5.255	7.57408e-07
5.26	2.91594e-07
5.265	7.44709e-07
5.27	9.81493e-07
5.275	3.9293e-07
5.28	1.02895e-06
5.285	5.5392e-07
5.29	8.24638e-07
5.295	9.74525e-07
5.3	3.95369e-07
5.305	1.03665e-06
5.31	5.62858e-07
5.315	8.38612e-07
5.32	9.91963e-07
5.325	4.04999e-07
5.33	1.06102e-06
5.335	5.7901e-07
5.34	8.63301e-07
5.345	1.02177e-06
5.35	7.97052e-07
5.355	3.14014e-07
5.36	7.98184e-07
5.365	1.0541e-06
5.37	7.69335e-07
5.375	2.9885e-07
5.38	7.61531e-07
5.385	1.00469e-06
5.39	7.28674e-07
5.395	1.10281e-06
5.4	7.51683e-07
5.405	2.89391e-07
5.41	7.38804e-07
5.415	9.73862e-07
5.42	3.89617e-07
5.425	1.02057e-06
5.43	5.49173e-07
5.435	8.17511e-07
5.44	9.66197e-07
5.445	3.91767e-07
5.45	1.0275e-06
5.455	5.57741e-07
5.46	8.31051e-07
5.465	9.8294e-07
5.47	4.01149e-07
5.475	1.05122e-06
5.48	5.73543e-07
5.485	8.5517e-07
5.49	1.01209e-06
5.495	7.8935e-07
5.5	3.10967e-07
5.505	7.90375e-07
5.51	1.04401e-06
5.515	7.61559e-07
5.52	2.95871e-07
5.525	7.5388e-07
5.53	9.94713e-07
5.535	4.00677e-07
5.54	1.04866e-06
5.545	5.66673e-07
5.55	8.4418e-07
5.555	9.98174e-07
5.56	4.06014e-07
5.565	1.06474e-06
5.57	5.79594e-07
5.575	8.64213e-07
5.58	1.02264e-06
5.585	7.96758e-07
5.59	3.13497e-07
5.595	7.96925e-07
5.6	1.0526e-06
5.605	7.67228e-07
5.61	2.97872e-07
5.615	7.5889e-07
5.62	1.00135e-06
5.625	7.255e-07
5.63	1.0984e-06
5.635	7.48054e-07
5.64	2.8791e-07
5.645	7.34532e-07
5.65	9.68485e-07
5.655	3.87213e-07
5.66	1.01443e-06
5.665	5.45352e-07
5.67	8.121e-07
5.675	9.59655e-07
5.68	3.88924e-07
5.685	1.02021e-06
5.69	5.53389e-07
5.695	8.24753e-07
5.7	9.75416e-07
5.705	3.97964e-07
5.71	1.04273e-06
5.715	5.68718e-07
5.72	8.48085e-07
5.725	1.00353e-06
5.73	7.82677e-07
5.735	3.0835e-07
5.74	7.83459e-07
5.745	1.03461e-06
5.75	7.54864e-07
5.755	2.93245e-07
5.76	7.46949e-07
5.765	9.85435e-07
5.77	3.96993e-07
5.775	1.03859e-06
5.78	5.61218e-07
5.785	8.36137e-07
5.79	9.88459e-07
5.795	4.02202e-07
5.8	1.05409e-06
5.805	5.74004e-07
5.81	8.55724e-07
5.815	1.01231e-06
5.82	7.88917e-07
5.825	3.10475e-07
5.83	7.89071e-07
5.835	1.04182e-06
5.84	7.59759e-07
5.845	2.94892e-07
5.85	7.51407e-07
5.855	9.9113e-07
5.86	3.99092e-07
5.865	1.04411e-06
5.87	5.64031e-07
5.875	8.40077e-07
5.88	9.93125e-07
5.885	4.03995e-07
5.89	1.05871e-06
5.895	5.76387e-07
5.9	8.59004e-07
5.905	1.01629e-06
5.91	7.91737e-07
5.915	3.11545e-07
5.92	7.91795e-07
5.925	1.04545e-06
5.93	7.62226e-07
5.935	2.95782e-07
5.94	7.5376e-07
5.945	9.94133e-07
5.95	4.00301e-07
5.955	1.04719e-06
5.96	5.65669e-07
5.965	8.42345e-07
5.97	9.95811e-07
5.975	4.05055e-07
5.98	1.06151e-06
5.985	5.77865e-07
5.99	8.61107e-07
5.995	1.01881e-06
6	7.936e-07
6.005	3.12241e-07
6.01	7.93573e-07
6.015	1.04771e-06
6.02	7.63818e-07
6.025	2.96382e-07
6.03	7.55283e-07
6.035	9.9607e-07
6.04	4.01133e-07
6.045	1.04917e-06
6.05	5.66778e-07
6.055	8.43923e-07
6.06	9.97584e-07
6.065	4.05819e-07
6.07	1.06327e-06
6.075	5.78897e-07
6.08	8.62611e-07
6.085	1.02041e-06
6.09	7.94874e-07
6.095	3.12713e-07
6.1	7.94844e-07
6.105	1.04922e-06
6.11	7.6494e-07
6.115	2.96758e-07
6.12	7.56463e-07
6.125	9.97536e-07
6.13	4.01661e-07
6.135	1.05047e-06
6.14	5.67458e-07
6.145	8.45065e-07
6.15	9.98742e-07
6.155	4.06363e-07
6.16	1.06442e-06
6.165	5.79585e-07
6.17	8.63556e-07
6.175	1.02142e-06
6.18	7.95672e-07
6.185	3.1296e-07
6.19	7.9577e-07
6.195	1.0502e-06
6.2	7.65743e-07
6.205	2.96955e-07
6.21	7.57251e-07
6.215	9.98407e-07
6.22	4.02018e-07
6.225	1.05132e-06
6.23	5.68012e-07
6.235	8.45724e-07
6.24	9.99543e-07
6.245	4.06626e-07
6.25	1.06523e-06
6.255	5.80015e-07
6.26	8.64201e-07
6.265	1.02215e-06
6.27	7.9625e-07
6.275	3.13079e-07
6.28	7.96226e-07
6.285	1.05093e-06
6.29	7.66112e-07
6.295	2.97074e-07
6.3	7.57635e-07
6.305	9.99006e-07
6.31	4.02139e-07
6.315	1.05193e-06
6.32	5.68301e-07
6.325	8.46115e-07
6.33	1.00001e-06
6.335	7.75307e-07
6.34	3.03111e-07
6.345	7.71774e-07
6.35	1.01829e-06
6.355	7.40044e-07
6.36	1.12027e-06
6.365	7.64394e-07
6.37	2.94458e-07
6.375	7.52041e-07
6.38	9.91228e-07
6.385	3.96782e-07
6.39	1.03922e-06
6.395	5.59484e-07
6.4	8.3282e-07
6.405	9.8412e-07
6.41	3.99193e-07
6.415	1.0467e-06
6.42	5.68448e-07
6.425	8.46807e-07
6.43	1.00141e-06
6.435	7.78598e-07
6.44	3.05268e-07
6.445	7.77122e-07
6.45	1.02578e-06
6.455	7.46629e-07
6.46	2.88868e-07
6.465	7.37212e-07
6.47	9.72155e-07
6.475	3.90532e-07
6.48	1.02223e-06
6.485	5.51409e-07
6.49	8.20935e-07
6.495	9.70248e-07
6.5	3.94045e-07
6.505	1.03311e-06
6.51	5.61658e-07
6.515	8.36829e-07
6.52	9.89918e-07
6.525	4.04695e-07
6.53	1.06e-06
6.535	5.79e-07
6.54	8.63194e-07
6.545	1.0217e-06
6.55	7.97142e-07
6.555	3.13965e-07
6.56	7.98704e-07
6.565	1.05509e-06
6.57	7.69881e-07
6.575	2.98873e-07
6.58	7.62567e-07
6.585	1.00601e-06
6.59	7.29465e-07
6.595	1.10431e-06
6.6	7.52574e-07
6.605	2.89344e-07
6.61	7.39781e-07
6.615	9.74945e-07
6.62	3.89996e-07
6.625	1.02178e-06
6.63	5.49616e-07
6.635	8.18264e-07
6.64	9.67095e-07
6.645	3.92189e-07
6.65	1.02849e-06
6.655	5.58191e-07
6.66	8.31611e-07
6.665	9.83734e-07
6.67	4.01503e-07
6.675	1.05197e-06
6.68	5.73919e-07
6.685	8.55621e-07
6.69	1.01272e-06
6.695	7.89682e-07
6.7	3.10567e-07
6.705	7.90698e-07
6.71	1.04423e-06
6.715	7.61595e-07
6.72	2.95201e-07
6.725	7.53736e-07
6.73	9.94287e-07
6.735	4.00397e-07
6.74	1.04794e-06
6.745	5.66169e-07
6.75	8.43252e-07
6.755	9.97075e-07
6.76	4.05546e-07
6.765	1.06338e-06
6.77	5.78788e-07
6.775	8.62795e-07
6.78	1.02095e-06
6.785	7.95207e-07
6.79	3.12257e-07
6.795	7.95351e-07
6.8	1.0501e-06
6.805	7.65338e-07
6.81	2.96315e-07
6.815	7.56792e-07
6.82	9.98085e-07
6.825	4.01529e-07
6.83	1.05124e-06
6.835	5.67436e-07
6.84	8.45306e-07
6.845	9.99409e-07
6.85	4.06096e-07
6.855	1.06525e-06
6.86	5.79367e-07
6.865	8.63847e-07
6.87	1.0221e-06
6.875	7.95859e-07
6.88	3.12373e-07
6.885	7.95639e-07
6.89	1.05046e-06
6.895	7.65345e-07
6.9	2.96266e-07
6.905	7.56529e-07
6.91	9.97804e-07
6.915	4.01179e-07
6.92	1.05067e-06
6.925	5.66834e-07
6.93	8.44565e-07
6.935	9.98511e-07
6.94	4.05582e-07
6.945	1.064e-06
6.95	5.78516e-07
6.955	8.62575e-07
6.96	1.02062e-06
6.965	7.94481e-07
6.97	3.11877e-07
6.975	7.94089e-07
6.98	1.04849e-06
6.985	7.63713e-07
6.99	2.95689e-07
6.995	7.54852e-07
7	9.95611e-07
7.005	4.00203e-07
7.01	1.04821e-06
7.015	5.65365e-07
7.02	8.42366e-07
7.025	9.96043e-07
7.03	4.04527e-07
7.035	1.06134e-06
7.04	5.76882e-07
7.045	8.60125e-07
7.05	1.01788e-06
7.055	7.92065e-07
7.06	3.10928e-07
7.065	7.91597e-07
7.07	1.04539e-06
7.075	7.61191e-07
7.08	2.94734e-07
7.085	7.52329e-07
7.09	9.92439e-07
7.095	3.98902e-07
7.1	1.04482e-06
7.105	5.63426e-07
7.11	8.39551e-07
7.115	9.92663e-07
7.12	4.03136e-07
7.125	1.05771e-06
7.13	5.74812e-07
7.135	8.57103e-07
7.14	1.01425e-06
7.145	7.892e-07
7.15	3.09696e-07
7.155	7.88682e-07
7.16	1.04151e-06
7.165	7.58311e-07
7.17	2.9351e-07
7.175	7.49442e-07
7.18	9.88697e-07
7.185	3.97356e-07
7.19	1.04074e-06
7.195	5.61194e-07
7.2	8.36303e-07
7.205	9.88779e-07
7.21	4.01567e-07
7.215	1.05343e-06
7.22	5.72459e-07
7.225	8.53728e-07
7.23	1.01015e-06
7.235	7.86043e-07
7.24	3.08311e-07
7.245	7.85492e-07
7.25	1.0372e-06
7.255	7.55225e-07
7.26	2.92132e-07
7.265	7.46282e-07
7.27	9.84579e-07
7.275	3.95668e-07
7.28	1.03632e-06
7.285	5.58783e-07
7.29	8.32783e-07
7.295	9.84581e-07
7.3	3.99836e-07
7.305	1.04883e-06
7.31	5.69957e-07
7.315	8.50127e-07
7.32	1.00574e-06
7.325	7.82707e-07
7.33	3.06864e-07
7.335	7.82066e-07
7.34	1.03263e-06
7.345	7.51893e-07
7.35	2.90726e-07
7.355	7.42931e-07
7.36	9.80092e-07
7.365	3.93806e-07
7.37	1.03154e-06
7.375	5.56146e-07
7.38	8.29004e-07
7.385	9.79926e-07
7.39	3.97968e-07
7.395	1.04382e-06
7.4	5.67239e-07
7.405	8.46202e-07
7.41	1.00089e-06
7.415	7.79056e-07
7.42	3.05297e-07
7.425	7.78351e-07
7.43	1.02758e-06
7.435	7.48257e-07
7.44	2.89229e-07
7.445	7.39391e-07
7.45	9.75291e-07
7.455	3.91854e-07
7.46	1.02644e-06
7.465	5.53397e-07
7.47	8.24902e-07
7.475	9.75094e-07
7.48	3.96012e-07
7.485	1.03863e-06
7.49	5.64447e-07
7.495	8.41932e-07
7.5	9.95927e-07
7.505	4.07189e-07
7.51	1.06663e-06
7.515	5.82493e-07
7.52	8.69211e-07
7.525	1.02865e-06
7.53	8.0274e-07
7.535	3.15788e-07
7.54	8.04487e-07
7.545	1.06256e-06
7.55	7.75376e-07
7.555	3.00549e-07
7.56	7.67995e-07
7.565	1.01325e-06
7.57	7.34554e-07
7.575	1.11222e-06
7.58	7.57778e-07
7.585	2.90944e-07
7.59	7.4495e-07
7.595	9.81983e-07
7.6	3.92396e-07
7.605	1.02901e-06
7.61	5.52947e-07
7.615	8.24148e-07
7.62	9.74025e-07
7.625	3.9467e-07
7.63	1.03568e-06
7.635	5.616e-07
7.64	8.37599e-07
7.645	9.90611e-07
7.65	4.04008e-07
7.655	1.05909e-06
7.66	5.77321e-07
7.665	8.61569e-07
7.67	1.01948e-06
7.675	7.94749e-07
7.68	3.12217e-07
7.685	7.95761e-07
7.69	1.05075e-06
7.695	7.66024e-07
7.7	2.96643e-07
7.705	7.58054e-07
7.71	1.00002e-06
7.715	7.24424e-07
7.72	1.0967e-06
7.725	7.4674e-07
7.73	2.8656e-07
7.735	7.33382e-07
7.74	9.66759e-07
7.745	3.86091e-07
7.75	1.01255e-06
7.755	5.43757e-07
7.76	8.10422e-07
7.765	9.57707e-07
7.77	3.87836e-07
7.775	1.01784e-06
7.78	5.51633e-07
7.785	8.2272e-07
7.79	9.73031e-07
7.795	3.96638e-07
7.8	1.03986e-06
7.805	5.6652e-07
7.81	8.45564e-07
7.815	1.00049e-06
7.82	7.79776e-07
7.825	3.06434e-07
7.83	7.80319e-07
7.835	1.03039e-06
7.84	7.51113e-07
7.845	2.91033e-07
7.85	7.42989e-07
7.855	9.80156e-07
7.86	3.94326e-07
7.865	1.03249e-06
7.87	5.57162e-07
7.875	8.30798e-07
7.88	9.82e-07
7.885	3.99114e-07
7.89	1.04686e-06
7.895	5.69226e-07
7.9	8.49277e-07
7.905	1.00475e-06
7.91	7.82225e-07
7.915	3.07273e-07
7.92	7.82059e-07
7.925	1.03265e-06
7.93	7.52178e-07
7.935	2.91435e-07
7.94	7.43682e-07
7.945	9.81064e-07
7.95	3.9442e-07
7.955	1.033e-06
7.96	5.56957e-07
7.965	8.30485e-07
7.97	9.81888e-07
7.975	3.98772e-07
7.98	1.04641e-06
7.985	5.68506e-07
7.99	8.48189e-07
7.995	1.00376e-06
8	7.80986e-07
8.005	3.06833e-07
8.01	7.80686e-07
8.015	1.0311e-06
8.02	7.50712e-07
8.025	2.90877e-07
8.03	7.42136e-07
8.035	9.79141e-07
8.04	3.93515e-07
8.045	1.03097e-06
8.05	5.55622e-07
8.055	8.28497e-07
8.06	9.79778e-07
8.065	3.97748e-07
8.07	1.04414e-06
8.075	5.66936e-07
8.08	8.46158e-07
8.085	1.00149e-06
8.09	7.79053e-07
8.095	3.05985e-07
8.1	7.78584e-07
8.105	1.02856e-06
8.11	7.48639e-07
8.115	2.9006e-07
8.12	7.40028e-07
8.125	9.76587e-07
8.13	3.92413e-07
8.135	1.02834e-06
8.14	5.54026e-07
8.145	8.26259e-07
8.15	9.77237e-07
8.155	3.96598e-07
8.16	1.04141e-06
8.165	5.65359e-07
8.17	8.43885e-07
8.175	9.98815e-07
8.18	4.08035e-07
8.185	1.07027e-06
8.19	5.83724e-07
8.195	8.71747e-07
8.2	1.0323e-06
8.205	8.05118e-07
8.21	3.17303e-07
8.215	8.0708e-07
8.22	1.06652e-06
8.225	7.78024e-07
8.23	3.022e-07
8.235	7.70781e-07
8.24	1.01743e-06
8.245	7.3741e-07
8.25	1.11739e-06
8.255	7.60777e-07
8.26	2.92776e-07
8.265	7.48335e-07
8.27	9.86882e-07
8.275	3.94578e-07
8.28	1.03471e-06
8.285	5.5589e-07
8.29	8.28801e-07
8.295	9.79789e-07
8.3	3.97075e-07
8.305	1.04231e-06
8.31	5.65023e-07
8.315	8.42958e-07
8.32	9.97214e-07
8.325	4.06789e-07
8.33	1.06656e-06
8.335	5.81262e-07
8.34	8.67597e-07
8.345	1.0268e-06
8.35	8.00401e-07
8.355	3.14913e-07
8.36	8.01872e-07
8.365	1.05873e-06
8.37	7.71959e-07
8.375	2.99348e-07
8.38	7.64467e-07
8.385	1.00835e-06
8.39	7.30609e-07
8.395	1.10633e-06
8.4	7.53481e-07
8.405	2.89424e-07
8.41	7.40402e-07
8.415	9.76126e-07
8.42	3.90125e-07
8.425	1.02277e-06
8.43	5.49504e-07
8.435	8.19192e-07
8.44	9.68063e-07
8.445	3.92353e-07
8.45	1.02937e-06
8.455	5.58202e-07
8.46	8.32566e-07
8.465	9.84605e-07
8.47	4.01757e-07
8.475	1.05282e-06
8.48	5.73973e-07
8.485	8.56519e-07
8.49	1.0135e-06
8.495	7.90149e-07
8.5	3.1067e-07
8.505	7.91341e-07
8.51	1.04479e-06
8.515	7.61953e-07
8.52	2.9524e-07
8.525	7.54273e-07
8.53	9.94954e-07
8.535	4.00609e-07
8.54	1.04875e-06
8.545	5.66265e-07
8.55	8.44276e-07
8.555	9.98202e-07
8.56	4.06055e-07
8.565	1.06459e-06
8.57	5.79245e-07
8.575	8.64148e-07
8.58	1.02244e-06
8.585	7.96279e-07
8.59	3.127e-07
8.595	7.96667e-07
8.6	1.052e-06
8.605	7.66501e-07
8.61	2.96881e-07
8.615	7.58309e-07
8.62	1.00047e-06
8.625	7.24506e-07
8.63	1.09709e-06
8.635	7.46702e-07
8.64	2.86825e-07
8.645	7.33916e-07
8.65	9.67428e-07
8.655	3.86525e-07
8.66	1.0133e-06
8.665	5.44336e-07
8.67	8.11183e-07
8.675	9.58776e-07
8.68	3.88495e-07
8.685	1.01926e-06
8.69	5.52588e-07
8.695	8.24134e-07
8.7	9.74745e-07
8.705	3.9758e-07
8.71	1.04197e-06
8.715	5.67896e-07
8.72	8.47519e-07
8.725	1.0029e-06
8.73	7.81611e-07
8.735	3.07465e-07
8.74	7.82787e-07
8.745	1.0339e-06
8.75	7.53438e-07
8.755	2.92242e-07
8.76	7.46078e-07
8.765	9.84394e-07
8.77	3.96229e-07
8.775	1.03745e-06
8.78	5.60106e-07
8.785	8.34922e-07
8.79	9.87344e-07
8.795	4.01517e-07
8.8	1.05321e-06
8.805	5.72846e-07
8.81	8.5455e-07
8.815	1.01145e-06
8.82	7.87321e-07
8.825	3.09504e-07
8.83	7.88049e-07
8.835	1.04079e-06
8.84	7.58032e-07
8.845	2.93884e-07
8.85	7.50318e-07
8.855	9.89808e-07
8.86	3.98335e-07
8.865	1.04291e-06
8.87	5.62856e-07
8.875	8.38913e-07
8.88	9.92077e-07
8.885	4.03342e-07
8.89	1.05814e-06
8.895	5.75335e-07
8.9	8.58256e-07
8.905	1.01578e-06
8.91	7.90647e-07
8.915	3.10745e-07
8.92	7.91258e-07
8.925	1.04494e-06
8.93	7.61067e-07
8.935	2.95009e-07
8.94	7.53311e-07
8.945	9.93706e-07
8.95	3.99815e-07
8.955	1.04697e-06
8.96	5.64978e-07
8.965	8.42255e-07
8.97	9.95942e-07
8.975	4.04862e-07
8.98	1.06227e-06
8.985	5.77517e-07
8.99	8.61699e-07
8.995	1.01981e-06
9	7.93845e-07
9.005	3.11933e-07
9.01	7.94435e-07
9.015	1.0492e-06
9.02	7.64189e-07
9.025	2.96138e-07
9.03	7.56331e-07
9.035	9.97806e-07
9.04	4.0138e-07
9.045	1.0514e-06
9.05	5.67247e-07
9.055	8.45835e-07
9.06	1.00022e-06
9.065	7.75207e-07
9.07	3.02881e-07
9.075	7.72505e-07
9.08	1.01974e-06
9.085	7.40819e-07
9.09	1.12257e-06
9.095	7.65776e-07
9.1	2.94735e-07
9.105	7.539e-07
9.11	9.9413e-07
9.115	3.97897e-07
9.12	1.04331e-06
9.125	5.61172e-07
9.13	8.36626e-07
9.135	9.89105e-07
9.14	4.0129e-07
9.145	1.05312e-06
9.15	5.71519e-07
9.155	8.526e-07
9.16	1.0087e-06
9.165	7.84309e-07
9.17	3.07401e-07
9.175	7.83666e-07
9.18	1.03476e-06
9.185	7.5318e-07
9.19	2.91299e-07
9.195	7.44495e-07
9.2	9.82077e-07
9.205	3.94679e-07
9.21	1.034e-06
9.215	5.57502e-07
9.22	8.31082e-07
9.225	9.82728e-07
9.23	3.99273e-07
9.235	1.0476e-06
9.24	5.69298e-07
9.245	8.49239e-07
9.25	1.00505e-06
9.255	7.821e-07
9.26	3.06891e-07
9.265	7.82269e-07
9.27	1.03302e-06
9.275	7.52418e-07
9.28	2.91223e-07
9.285	7.44388e-07
9.29	9.81913e-07
9.295	3.95e-07
9.3	1.03475e-06
9.305	5.58238e-07
9.31	8.32203e-07
9.315	9.84262e-07
9.32	4.0018e-07
9.325	1.04997e-06
9.33	5.70801e-07
9.335	8.5144e-07
9.34	1.00798e-06
9.345	7.8449e-07
9.35	3.07957e-07
9.355	7.84986e-07
9.36	1.0369e-06
9.365	7.55355e-07
9.37	2.92502e-07
9.375	7.4769e-07
9.38	9.86498e-07
9.385	3.96961e-07
9.39	1.03994e-06
9.395	5.61161e-07
9.4	8.3675e-07
9.405	9.89706e-07
9.41	4.02457e-07
9.415	1.05621e-06
9.42	5.74155e-07
9.425	8.56789e-07
9.43	1.01446e-06
9.435	7.89635e-07
9.44	3.0999e-07
9.445	7.90309e-07
9.45	1.04424e-06
9.455	7.60672e-07
9.46	2.9458e-07
9.465	7.53058e-07
9.47	9.93926e-07
9.475	3.99955e-07
9.48	1.04817e-06
9.485	5.65487e-07
9.49	8.43474e-07
9.495	9.97902e-07
9.5	4.05728e-07
9.505	1.06507e-06
9.51	5.78872e-07
9.515	8.64332e-07
9.52	1.02335e-06
9.525	7.9677e-07
9.53	3.12662e-07
9.535	7.97406e-07
9.54	1.05384e-06
9.545	7.67678e-07
9.55	2.97235e-07
9.555	7.60007e-07
9.56	1.00342e-06
9.565	7.26735e-07
9.57	1.10165e-06
9.575	7.49854e-07
9.58	2.87854e-07
9.585	7.37497e-07
9.59	9.72937e-07
9.595	3.88822e-07
9.6	1.02046e-06
9.605	5.48095e-07
9.61	8.17574e-07
9.615	9.66963e-07
9.62	3.9188e-07
9.625	1.02936e-06
9.63	5.57889e-07
9.635	8.32942e-07
9.64	9.85813e-07
9.645	4.02129e-07
9.65	1.05523e-06
9.655	5.74845e-07
9.66	8.58907e-07
9.665	1.01707e-06
9.67	7.9298e-07
9.675	3.11515e-07
9.68	7.94839e-07
9.685	1.05067e-06
9.69	7.65913e-07
9.695	2.96706e-07
9.7	7.59094e-07
9.705	1.00252e-06
9.71	7.26372e-07
9.715	1.10144e-06
9.72	7.5011e-07
9.725	2.88042e-07
9.73	7.38104e-07
9.735	9.7414e-07
9.74	3.89238e-07
9.745	1.02249e-06
9.75	5.49139e-07
9.755	8.19779e-07
9.76	9.69645e-07
9.765	3.9289e-07
9.77	1.03266e-06
9.775	5.59708e-07
9.78	8.36224e-07
9.785	9.89696e-07
9.79	4.03661e-07
9.795	1.05983e-06
9.8	5.77375e-07
9.805	8.63141e-07
9.81	1.02209e-06
9.815	7.97104e-07
9.82	3.13203e-07
9.825	7.99151e-07
9.83	1.05642e-06
9.835	7.70374e-07
9.84	2.98538e-07
9.845	7.63693e-07
9.85	1.00856e-06
9.855	7.311e-07
9.86	1.10845e-06
9.865	7.55184e-07
9.87	2.9012e-07
9.875	7.43426e-07
9.88	9.80836e-07
9.885	3.92058e-07
9.89	1.02959e-06
9.895	5.53267e-07
9.9	8.25876e-07
9.905	9.76662e-07
9.91	3.95934e-07
9.915	1.04054e-06
9.92	5.64203e-07
9.925	8.42828e-07
9.93	9.97466e-07
9.935	4.06986e-07
9.94	1.06842e-06
9.945	5.823e-07
9.95	8.70352e-07
9.955	1.03054e-06
9.96	8.03984e-07
9.965	3.16076e-07
9.97	8.06471e-07
9.975	1.06555e-06
9.98	7.77526e-07
9.985	3.0142e-07
9.99	7.71005e-07
9.995	1.01767e-06
10	7.38162e-07
