0.005	0.0470866
0.01	0.0215893
0.015	0.00920132
0.02	0.003976
0.025	0.00244984
0.03	0.00184604
0.035	0.00146797
0.04	0.00114961
0.045	0.000886351
0.05	0.000707413
0.055	0.000453696
0.06	0.000442155
0.065	0.000376982
0.07	0.000296405
0.075	0.000201162
0.08	0.00019945
0.085	0.000170818
0.09	0.000106122
0.095	0.000116334
0.1	7.88942e-05
0.105	8.03906e-05
0.11	4.87456e-05
0.115	5.57487e-05
0.12	3.81385e-05
0.125	4.05042e-05
0.13	3.08217e-05
0.135	2.0784e-05
0.14	2.20011e-05
0.145	1.63258e-05
0.15	1.67207e-05
0.155	1.39884e-05
0.16	1.1745e-05
0.165	1.02044e-05
0.17	9.12984e-06
0.175	7.15774e-06
0.18	5.58924e-06
0.185	5.10845e-06
0.19	4.40782e-06
0.195	4.09753e-06
0.2	3.08642e-06
0.205	2.76459e-06
0.21	2.17289e-06
0.215	1.8303e-06
0.22	1.58722e-06
0.225	1.72391e-06
0.23	1.3546e-06
0.235	1.14388e-06
0.24	1.07931e-06
0.245	1.26067e-06
0.25	1.12371e-06
0.255	1.06985e-06
0.26	9.29796e-07
0.265	8.59063e-07
0.27	8.82387e-07
0.275	9.36454e-07
0.28	1.74463e-06
0.285	1.32788e-06
0.29	1.2476e-06
0.295	1.15896e-06
0.3	7.71899e-07
0.305	8.63946e-07
0.31	9.41555e-07
0.315	7.89085e-07
0.32	8.32651e-07
0.325	8.69292e-07
0.33	9.42001e-07
0.335	8.63576e-07
0.34	9.29549e-07
0.345	7.73852e-07
0.35	9.79524e-07
0.355	8.38087e-07
0.36	7.77667e-07
0.365	9.02979e-07
0.37	8.49422e-07
0.375	8.65573e-07
0.38	8.40022e-07
0.385	7.16389e-07
0.39	7.95041e-07
0.395	9.88471e-07
0.4	8.77464e-07
0.405	6.94061e-07
0.41	8.29299e-07
0.415	9.21174e-07
0.42	9.6823e-07
0.425	9.82947e-07
0.43	7.55219e-07
0.435	8.67585e-07
0.44	5.86179e-07
0.445	9.30165e-07
0.45	7.82442e-07
0.455	7.9042e-07
0.46	8.541e-07
0.465	8.40014e-07
0.47	9.29972e-07
0.475	8.50132e-07
0.48	8.05122e-07
0.485	8.87732e-07
0.49	9.23718e-07
0.495	9.23795e-07
0.5	9.44569e-07
0.505	8.58828e-07
0.51	9.23912e-07
0.515	9.78439e-07
0.52	8.5072e-07
0.525	8.64457e-07
0.53	8.40904e-07
0.535	8.44573e-07
0.54	8.26674e-07
0.545	7.98172e-07
0.55	7.6432e-07
0.555	9.78817e-07
0.56	9.29478e-07
0.565	8.8734e-07
0.57	7.44187e-07
0.575	7.33035e-07
0.58	9.87285e-07
0.585	9.54051e-07
0.59	8.99553e-07
0.595	7.19229e-07
0.6	7.10111e-07
0.605	9.90253e-07
0.61	9.55001e-07
0.615	8.99322e-07
0.62	6.85374e-07
0.625	6.76199e-07
0.63	9.90724e-07
0.635	9.49371e-07
0.64	8.92486e-07
0.645	6.66983e-07
0.65	6.69301e-07
0.655	6.88389e-07
0.66	6.71227e-07
0.665	6.57368e-07
0.67	9.76008e-07
0.675	8.84017e-07
0.68	8.09971e-07
0.685	5.79372e-07
0.69	9.73486e-07
0.695	7.92098e-07
0.7	5.07613e-07
0.705	9.14513e-07
0.71	7.09739e-07
0.715	9.67768e-07
0.72	7.26257e-07
0.725	3.84996e-07
0.73	8.06413e-07
0.735	3.43122e-07
0.74	8.2552e-07
0.745	3.13971e-07
0.75	8.45309e-07
0.755	2.97321e-07
0.76	8.57172e-07
0.765	5.14899e-07
0.77	7.97997e-07
0.775	9.54004e-07
0.78	2.63798e-07
0.785	8.84333e-07
0.79	5.29354e-07
0.795	8.42764e-07
0.8	2.76138e-07
0.805	8.40759e-07
0.81	3.07764e-07
0.815	9.01304e-07
0.82	5.73048e-07
0.825	8.75129e-07
0.83	3.2845e-07
0.835	8.85706e-07
0.84	5.96969e-07
0.845	8.8265e-07
0.85	3.606e-07
0.855	9.08237e-07
0.86	6.33521e-07
0.865	9.20695e-07
0.87	3.86735e-07
0.875	9.51289e-07
0.88	6.68135e-07
0.885	9.67518e-07
0.89	7.20252e-07
0.895	3.96099e-07
0.9	8.41243e-07
0.905	3.95698e-07
0.91	9.10411e-07
0.915	6.51357e-07
0.92	9.28465e-07
0.925	6.96948e-07
0.93	3.78246e-07
0.935	8.09306e-07
0.94	3.70704e-07
0.945	8.73009e-07
0.95	6.20918e-07
0.955	8.94212e-07
0.96	3.69489e-07
0.965	9.21491e-07
0.97	6.42822e-07
0.975	9.33476e-07
0.98	6.87777e-07
0.985	3.69053e-07
0.99	7.97537e-07
0.995	3.68318e-07
1	8.55874e-07
1.005	3.73946e-07
1.01	9.12668e-07
1.015	6.29086e-07
1.02	9.06769e-07
1.025	3.65042e-07
1.03	9.14981e-07
1.035	6.26841e-07
1.04	9.0859e-07
1.045	3.60133e-07
1.05	9.15262e-07
1.055	6.21599e-07
1.06	9.05663e-07
1.065	3.52606e-07
1.07	9.09749e-07
1.075	6.12328e-07
1.08	8.96825e-07
1.085	3.43042e-07
1.09	8.98846e-07
1.095	5.99349e-07
1.1	8.83106e-07
1.105	3.31454e-07
1.11	8.8274e-07
1.115	5.82896e-07
1.12	8.64093e-07
1.125	3.1823e-07
1.13	8.6121e-07
1.135	5.62944e-07
1.14	8.39629e-07
1.145	9.90867e-07
1.15	6.86498e-07
1.155	3.06381e-07
1.16	7.88044e-07
1.165	2.9335e-07
1.17	8.18931e-07
1.175	2.9162e-07
1.18	8.50086e-07
1.185	5.23697e-07
1.19	8.02707e-07
1.195	9.54437e-07
1.2	2.69139e-07
1.205	8.92593e-07
1.21	5.33962e-07
1.215	8.4271e-07
1.22	2.53075e-07
1.225	8.1597e-07
1.23	2.58585e-07
1.235	8.50413e-07
1.24	4.9333e-07
1.245	7.86623e-07
1.25	9.48201e-07
1.255	2.3345e-07
1.26	8.75823e-07
1.265	4.99018e-07
1.27	8.14857e-07
1.275	9.90493e-07
1.28	6.24854e-07
1.285	2.2169e-07
1.29	7.18956e-07
1.295	2.07453e-07
1.3	7.32851e-07
1.305	2.05911e-07
1.31	7.53296e-07
1.315	2.042e-07
1.32	7.76027e-07
1.325	2.02814e-07
1.33	8.01051e-07
1.335	2.02302e-07
1.34	8.27413e-07
1.345	4.47405e-07
1.35	7.52135e-07
1.355	9.22394e-07
1.36	1.92771e-07
1.365	8.49305e-07
1.37	4.66933e-07
1.375	7.87322e-07
1.38	9.67684e-07
1.385	6.01816e-07
1.39	2.0247e-07
1.395	7.00722e-07
1.4	1.94602e-07
1.405	7.19649e-07
1.41	1.98442e-07
1.415	7.44406e-07
1.42	2.01596e-07
1.425	7.70791e-07
1.43	2.04039e-07
1.435	7.97552e-07
1.44	2.06028e-07
1.445	8.24082e-07
1.45	2.07726e-07
1.455	8.50577e-07
1.46	4.56338e-07
1.465	7.67641e-07
1.47	9.40438e-07
1.475	1.89748e-07
1.48	8.58192e-07
1.485	4.62383e-07
1.49	7.86615e-07
1.495	9.68027e-07
1.5	5.90915e-07
1.505	1.84132e-07
1.51	6.82673e-07
1.515	9.84508e-07
1.52	5.79396e-07
1.525	1.73761e-07
1.53	6.62346e-07
1.535	9.56944e-07
1.54	5.5797e-07
1.545	1.63242e-07
1.55	6.36373e-07
1.555	9.21096e-07
1.56	1.63908e-07
1.565	8.52291e-07
1.57	4.39015e-07
1.575	7.70682e-07
1.58	9.56194e-07
1.585	5.65456e-07
1.59	1.5307e-07
1.595	6.56525e-07
1.6	9.60542e-07
1.605	5.50394e-07
1.61	1.46043e-07
1.615	6.33764e-07
1.62	9.26443e-07
1.625	5.30578e-07
1.63	9.82093e-07
1.635	5.52859e-07
1.64	1.45459e-07
1.645	6.26692e-07
1.65	9.14859e-07
1.655	1.51782e-07
1.66	8.47178e-07
1.665	4.30495e-07
1.67	7.60503e-07
1.675	9.4487e-07
1.68	1.52689e-07
1.685	8.62031e-07
1.69	4.42089e-07
1.695	7.81823e-07
1.7	9.72306e-07
1.705	5.79268e-07
1.71	1.5493e-07
1.715	6.70428e-07
1.72	9.79341e-07
1.725	5.66629e-07
1.73	1.50222e-07
1.735	6.46786e-07
1.74	9.42062e-07
1.745	5.43705e-07
1.75	9.98289e-07
1.755	5.62188e-07
1.76	1.47375e-07
1.765	6.36494e-07
1.77	9.24775e-07
1.775	1.52663e-07
1.78	8.52243e-07
1.785	4.34832e-07
1.79	7.64395e-07
1.795	9.47785e-07
1.8	1.51326e-07
1.805	8.60452e-07
1.81	4.42159e-07
1.815	7.79119e-07
1.82	9.67083e-07
1.825	5.74068e-07
1.83	1.51594e-07
1.835	6.63507e-07
1.84	9.67358e-07
1.845	5.57361e-07
1.85	1.45158e-07
1.855	6.35115e-07
1.86	9.24126e-07
1.865	1.50143e-07
1.87	8.53924e-07
1.875	4.34701e-07
1.88	7.66218e-07
1.885	9.50305e-07
1.89	1.47738e-07
1.895	8.62804e-07
1.9	4.41789e-07
1.905	7.80983e-07
1.91	9.69771e-07
1.915	5.74589e-07
1.92	1.47496e-07
1.925	6.63965e-07
1.93	9.69475e-07
1.935	5.56945e-07
1.94	1.40339e-07
1.945	6.34551e-07
1.95	9.25084e-07
1.955	5.29219e-07
1.96	9.75441e-07
1.965	5.46143e-07
1.97	1.3394e-07
1.975	6.15478e-07
1.98	8.9669e-07
1.985	1.38759e-07
1.99	8.23428e-07
1.995	4.1436e-07
2	7.34244e-07
2.005	9.11573e-07
2.01	1.35352e-07
2.015	8.24296e-07
2.02	4.17431e-07
2.025	7.42545e-07
2.03	9.23507e-07
2.035	1.35702e-07
2.04	8.39104e-07
2.045	4.25205e-07
2.05	7.59719e-07
2.055	9.46427e-07
2.06	1.3705e-07
2.065	8.62549e-07
2.07	4.36595e-07
2.075	7.83459e-07
2.08	9.7745e-07
2.085	5.73529e-07
2.09	1.3585e-07
2.095	6.67326e-07
2.1	9.82141e-07
2.105	5.57781e-07
2.11	1.28215e-07
2.115	6.38908e-07
2.12	9.3947e-07
2.125	5.30328e-07
2.13	9.92341e-07
2.135	5.48463e-07
2.14	1.21999e-07
2.145	6.20278e-07
2.15	9.11884e-07
2.155	1.2653e-07
2.16	8.36687e-07
2.165	4.12317e-07
2.17	7.4415e-07
2.175	9.28525e-07
2.18	1.23148e-07
2.185	8.3834e-07
2.19	4.15803e-07
2.195	7.5324e-07
2.2	9.41364e-07
2.205	1.23731e-07
2.21	8.53928e-07
2.215	4.24135e-07
2.22	7.71186e-07
2.225	9.65461e-07
2.23	5.60155e-07
2.235	1.22914e-07
2.24	6.51954e-07
2.245	9.65115e-07
2.25	5.42016e-07
2.255	1.1535e-07
2.26	6.21316e-07
2.265	9.18518e-07
2.27	1.20433e-07
2.275	8.4624e-07
2.28	4.13297e-07
2.285	7.54459e-07
2.29	9.44551e-07
2.295	1.17239e-07
2.3	8.53853e-07
2.305	4.19278e-07
2.31	7.68043e-07
2.315	9.6304e-07
2.32	5.55383e-07
2.325	1.16314e-07
2.33	6.46338e-07
2.335	9.59828e-07
2.34	5.35913e-07
2.345	1.08814e-07
2.35	6.14483e-07
2.355	9.11493e-07
2.36	1.14076e-07
2.365	8.38842e-07
2.37	4.06075e-07
2.375	7.46374e-07
2.38	9.357e-07
2.385	1.11079e-07
2.39	8.45139e-07
2.395	4.11813e-07
2.4	7.59024e-07
2.405	9.53003e-07
2.41	5.47257e-07
2.415	1.10348e-07
2.42	6.37539e-07
2.425	9.49331e-07
2.43	5.27667e-07
2.435	1.03173e-07
2.44	6.05623e-07
2.445	9.00758e-07
2.45	1.08729e-07
2.455	8.28637e-07
2.46	3.98788e-07
2.465	7.36777e-07
2.47	9.24808e-07
2.475	1.06244e-07
2.48	8.34929e-07
2.485	4.04838e-07
2.49	7.49589e-07
2.495	9.4186e-07
2.5	1.088e-07
2.505	8.54752e-07
2.51	4.15905e-07
2.515	7.71397e-07
2.52	9.69949e-07
2.525	5.56651e-07
2.53	1.09543e-07
2.535	6.51398e-07
2.54	9.71864e-07
2.545	5.39669e-07
2.55	1.0304e-07
2.555	6.21603e-07
2.56	9.26344e-07
2.565	5.11264e-07
2.57	9.79125e-07
2.575	5.29723e-07
2.58	9.83461e-08
2.585	6.02211e-07
2.59	8.96665e-07
2.595	1.04302e-07
2.6	8.21325e-07
2.605	3.92757e-07
2.61	7.27509e-07
2.615	9.1331e-07
2.62	1.02353e-07
2.625	8.23243e-07
2.63	3.97421e-07
2.635	7.37171e-07
2.64	9.26212e-07
2.645	1.04753e-07
2.65	8.39185e-07
2.655	4.07077e-07
2.66	7.55857e-07
2.665	9.50094e-07
2.67	5.44735e-07
2.675	1.05797e-07
2.68	6.36716e-07
2.685	9.4975e-07
2.69	5.26941e-07
2.695	9.9567e-08
2.7	6.06427e-07
2.705	9.03369e-07
2.71	1.06048e-07
2.715	8.32026e-07
2.72	3.9933e-07
2.725	7.40547e-07
2.73	9.29415e-07
2.735	1.04413e-07
2.74	8.39948e-07
2.745	4.06777e-07
2.75	7.54775e-07
2.755	9.47832e-07
2.76	1.07866e-07
2.765	8.60898e-07
2.77	4.18979e-07
2.775	7.77639e-07
2.78	9.76932e-07
2.785	5.61316e-07
2.79	1.094e-07
2.795	6.57067e-07
2.8	9.79521e-07
2.805	5.44688e-07
2.81	1.03206e-07
2.815	6.27387e-07
2.82	9.34201e-07
2.825	5.1625e-07
2.83	9.8754e-07
2.835	5.34847e-07
2.84	9.89165e-08
2.845	6.08303e-07
2.85	9.0499e-07
2.855	1.05022e-07
2.86	8.28597e-07
2.865	3.967e-07
2.87	7.34724e-07
2.875	9.2124e-07
2.88	1.03177e-07
2.885	8.30053e-07
2.89	4.01627e-07
2.895	7.44057e-07
2.9	9.33969e-07
2.905	1.05605e-07
2.91	8.45882e-07
2.915	4.11287e-07
2.92	7.62458e-07
2.925	9.58033e-07
2.93	5.49181e-07
2.935	1.06606e-07
2.94	6.42058e-07
2.945	9.57381e-07
2.95	5.31068e-07
2.955	1.00007e-07
2.96	6.11303e-07
2.965	9.10522e-07
2.97	1.06383e-07
2.975	8.38043e-07
2.98	4.02737e-07
2.985	7.46098e-07
2.99	9.3665e-07
2.995	1.04444e-07
3	8.459e-07
3.005	4.09744e-07
3.01	7.5998e-07
3.015	9.55037e-07
3.02	5.46187e-07
3.025	1.04988e-07
3.03	6.37831e-07
3.035	9.5179e-07
3.04	5.26982e-07
3.045	9.82257e-08
3.05	6.06021e-07
3.055	9.03297e-07
3.06	1.04479e-07
3.065	8.30647e-07
3.07	3.9836e-07
3.075	7.38575e-07
3.08	9.27434e-07
3.085	1.02411e-07
3.09	8.36972e-07
3.095	4.04665e-07
3.1	7.51384e-07
3.105	9.44227e-07
3.11	1.05417e-07
3.115	8.56619e-07
3.12	4.15858e-07
3.125	7.73073e-07
3.13	9.72016e-07
3.135	5.5674e-07
3.14	1.06464e-07
3.145	6.51931e-07
3.15	9.73532e-07
3.155	5.39654e-07
3.16	9.986e-08
3.165	6.21937e-07
3.17	9.2733e-07
3.175	5.11059e-07
3.18	9.79884e-07
3.185	5.29602e-07
3.19	9.52028e-08
3.195	6.02091e-07
3.2	8.96754e-07
3.205	1.01241e-07
3.21	8.20918e-07
3.215	3.91822e-07
3.22	7.27127e-07
3.225	9.12719e-07
3.23	9.93488e-08
3.235	8.22175e-07
3.24	3.96342e-07
3.245	7.3626e-07
3.25	9.24876e-07
3.255	1.01716e-07
3.26	8.37412e-07
3.265	4.05769e-07
3.27	7.54316e-07
3.275	9.48158e-07
3.28	5.42955e-07
3.285	1.02562e-07
3.29	6.34729e-07
3.295	9.4704e-07
3.3	5.24924e-07
3.305	9.60446e-08
3.31	6.04072e-07
3.315	9.00285e-07
3.32	1.02538e-07
3.325	8.28472e-07
3.33	3.97182e-07
3.335	7.37405e-07
3.34	9.25581e-07
3.345	1.00749e-07
3.35	8.35735e-07
3.355	4.04316e-07
3.36	7.51036e-07
3.365	9.43562e-07
3.37	1.0407e-07
3.375	8.5629e-07
3.38	4.16211e-07
3.385	7.73379e-07
3.39	9.72353e-07
3.395	5.5755e-07
3.4	1.05383e-07
3.405	6.52996e-07
3.41	9.74388e-07
3.415	5.40925e-07
3.42	9.89525e-08
3.425	6.23336e-07
3.43	9.28729e-07
3.435	5.12593e-07
3.44	9.81629e-07
3.445	5.31347e-07
3.45	9.45658e-08
3.455	6.04041e-07
3.46	8.99057e-07
3.465	1.00748e-07
3.47	8.23208e-07
3.475	3.93824e-07
3.48	7.29584e-07
3.485	9.15579e-07
3.49	9.89693e-08
3.495	8.24909e-07
3.5	3.98724e-07
3.505	7.39061e-07
3.51	9.28412e-07
3.515	1.01549e-07
3.52	8.40813e-07
3.525	4.08491e-07
3.53	7.57681e-07
3.535	9.52468e-07
3.54	5.45802e-07
3.545	1.02744e-07
3.55	6.38145e-07
3.555	9.5195e-07
3.56	5.28249e-07
3.565	9.63181e-08
3.57	6.07935e-07
3.575	9.0536e-07
3.58	1.02872e-07
3.585	8.33408e-07
3.59	4.00813e-07
3.595	7.42054e-07
3.6	9.31771e-07
3.605	1.01155e-07
3.61	8.41547e-07
3.615	4.08185e-07
3.62	7.56382e-07
3.625	9.50692e-07
3.63	5.44298e-07
3.635	1.02123e-07
3.64	6.35651e-07
3.645	9.47855e-07
3.65	5.25763e-07
3.655	9.56181e-08
3.66	6.04423e-07
3.665	9.00142e-07
3.67	1.02063e-07
3.675	8.28074e-07
3.68	3.9795e-07
3.685	7.36865e-07
3.69	9.25149e-07
3.695	1.00285e-07
3.7	8.35182e-07
3.705	4.04823e-07
3.71	7.50327e-07
3.715	9.42999e-07
3.72	1.03665e-07
3.725	8.55738e-07
3.73	4.16603e-07
3.735	7.72761e-07
3.74	9.72044e-07
3.745	5.57382e-07
3.75	1.05234e-07
3.755	6.52962e-07
3.76	9.74189e-07
3.765	5.41103e-07
3.77	9.88825e-08
3.775	6.23602e-07
3.78	9.29047e-07
3.785	5.1302e-07
3.79	9.82542e-07
3.795	5.31943e-07
3.8	9.45049e-08
3.805	6.04909e-07
3.81	9.00217e-07
3.815	1.00841e-07
3.82	8.24526e-07
3.825	3.94544e-07
3.83	7.31078e-07
3.835	9.17949e-07
3.84	9.92421e-08
3.845	8.27218e-07
3.85	3.9973e-07
3.855	7.41446e-07
3.86	9.31953e-07
3.865	1.01975e-07
3.87	8.44157e-07
3.875	4.09878e-07
3.88	7.61058e-07
3.885	9.57358e-07
3.89	5.48402e-07
3.895	1.03256e-07
3.9	6.41663e-07
3.905	9.57529e-07
3.91	5.31165e-07
3.915	9.68225e-08
3.92	6.11731e-07
3.925	9.11393e-07
3.93	1.03573e-07
3.935	8.39297e-07
3.94	4.03017e-07
3.945	7.47804e-07
3.95	9.3949e-07
3.955	1.02009e-07
3.96	8.4881e-07
3.965	4.1098e-07
3.97	7.63342e-07
3.975	9.60018e-07
3.98	5.4948e-07
3.985	1.03079e-07
3.99	6.42075e-07
3.995	9.57944e-07
4	5.31029e-07
4.005	9.65771e-08
4.01	6.11111e-07
4.015	9.10429e-07
4.02	1.03222e-07
4.025	8.37966e-07
4.03	4.01902e-07
4.035	7.46161e-07
4.04	9.37233e-07
4.045	1.01569e-07
4.05	8.46514e-07
4.055	4.09477e-07
4.06	7.61e-07
4.065	9.56774e-07
4.07	5.4762e-07
4.075	1.02557e-07
4.08	6.39731e-07
4.085	9.54262e-07
4.09	5.28873e-07
4.095	9.60866e-08
4.1	6.08558e-07
4.105	9.06707e-07
4.11	1.02666e-07
4.115	8.34466e-07
4.12	3.99899e-07
4.125	7.42947e-07
4.13	9.33005e-07
4.135	1.00993e-07
4.14	8.42704e-07
4.145	4.07418e-07
4.15	7.57594e-07
4.155	9.52313e-07
4.16	5.44976e-07
4.165	1.01973e-07
4.17	6.36637e-07
4.175	9.49779e-07
4.18	5.2626e-07
4.185	9.5545e-08
4.19	6.05597e-07
4.195	9.02311e-07
4.2	1.02084e-07
4.205	8.30548e-07
4.21	3.97879e-07
4.215	7.39313e-07
4.22	9.28491e-07
4.225	1.00428e-07
4.23	8.38813e-07
4.235	4.05388e-07
4.24	7.53979e-07
4.245	9.47718e-07
4.25	5.42315e-07
4.255	1.01414e-07
4.26	6.33589e-07
4.265	9.45427e-07
4.27	5.23663e-07
4.275	9.50335e-08
4.28	6.02673e-07
4.285	8.98219e-07
4.29	1.0155e-07
4.295	8.26875e-07
4.3	3.96086e-07
4.305	7.35971e-07
4.31	9.24444e-07
4.315	9.99392e-08
4.32	8.35264e-07
4.325	4.03616e-07
4.33	7.50765e-07
4.335	9.43757e-07
4.34	1.03461e-07
4.345	8.57212e-07
4.35	4.16145e-07
4.355	7.74712e-07
4.36	9.74239e-07
4.365	5.5867e-07
4.37	1.05215e-07
4.375	6.54992e-07
4.38	9.77945e-07
4.385	5.42558e-07
4.39	9.90039e-08
4.395	6.26082e-07
4.4	9.33724e-07
4.405	5.14881e-07
4.41	9.87961e-07
4.415	5.34149e-07
4.42	9.48941e-08
4.425	6.08413e-07
4.43	9.06644e-07
4.435	1.01321e-07
4.44	8.31132e-07
4.445	3.96986e-07
4.45	7.37452e-07
4.455	9.25885e-07
4.46	9.97773e-08
4.465	8.35336e-07
4.47	4.02954e-07
4.475	7.49476e-07
4.48	9.41653e-07
4.485	1.02686e-07
4.49	8.5399e-07
4.495	4.14039e-07
4.5	7.70739e-07
4.505	9.6899e-07
4.51	5.55091e-07
4.515	1.04265e-07
4.52	6.50341e-07
4.525	9.70949e-07
4.53	5.38156e-07
4.535	9.80066e-08
4.54	6.20695e-07
4.545	9.25761e-07
4.55	5.10157e-07
4.555	9.78873e-07
4.56	5.29044e-07
4.565	9.38045e-08
4.57	6.02117e-07
4.575	8.97386e-07
4.58	1.00111e-07
4.585	8.22302e-07
4.59	3.92465e-07
4.595	7.29211e-07
4.6	9.15495e-07
4.605	9.85279e-08
4.61	8.25705e-07
4.615	3.98135e-07
4.62	7.40407e-07
4.625	9.30292e-07
4.63	1.01338e-07
4.635	8.43503e-07
4.64	4.08854e-07
4.645	7.609e-07
4.65	9.56643e-07
4.655	5.48035e-07
4.66	1.02859e-07
4.665	6.4182e-07
4.67	9.58189e-07
4.675	5.31187e-07
4.68	9.66379e-08
4.685	6.12426e-07
4.69	9.13268e-07
4.695	1.03408e-07
4.7	8.41682e-07
4.705	4.03689e-07
4.71	7.50357e-07
4.715	9.42477e-07
4.72	1.01977e-07
4.725	8.52439e-07
4.73	4.12415e-07
4.735	7.6717e-07
4.74	9.64487e-07
4.745	5.52045e-07
4.75	1.03307e-07
4.755	6.45784e-07
4.76	9.63982e-07
4.765	5.34172e-07
4.77	9.69627e-08
4.775	6.15351e-07
4.78	9.17509e-07
4.785	1.037e-07
4.79	8.4521e-07
4.795	4.05183e-07
4.8	7.53106e-07
4.805	9.45897e-07
4.81	1.02225e-07
4.815	8.55221e-07
4.82	4.13557e-07
4.825	7.69318e-07
4.83	9.67224e-07
4.835	5.53551e-07
4.84	1.03473e-07
4.845	6.47334e-07
4.85	9.66292e-07
4.855	5.35368e-07
4.86	9.70901e-08
4.865	6.16604e-07
4.87	9.19518e-07
4.875	1.03829e-07
4.88	8.4692e-07
4.885	4.05874e-07
4.89	7.54387e-07
4.895	9.47574e-07
4.9	1.02336e-07
4.905	8.56615e-07
4.91	4.14187e-07
4.915	7.70557e-07
4.92	9.68622e-07
4.925	5.54393e-07
4.93	1.03576e-07
4.935	6.48223e-07
4.94	9.67611e-07
4.945	5.361e-07
4.95	9.71828e-08
4.955	6.17434e-07
4.96	9.2073e-07
4.965	1.0394e-07
4.97	8.47942e-07
4.975	4.06374e-07
4.98	7.55289e-07
4.985	9.48676e-07
4.99	5.4063e-07
4.995	9.9943e-08
5	6.29138e-07
5.005	9.38671e-07
5.01	5.18705e-07
5.015	9.95254e-07
5.02	5.38561e-07
5.025	9.5563e-08
5.03	6.13994e-07
5.035	9.14865e-07
5.04	1.02068e-07
5.045	8.38862e-07
5.05	4.00812e-07
5.055	7.44554e-07
5.06	9.34892e-07
5.065	1.00568e-07
5.07	8.4337e-07
5.075	4.07156e-07
5.08	7.56704e-07
5.085	9.51035e-07
5.09	5.43487e-07
5.095	1.01133e-07
5.1	6.34476e-07
5.105	9.46648e-07
5.11	5.24099e-07
5.115	9.46765e-08
5.12	6.02846e-07
5.125	8.98314e-07
5.13	1.01108e-07
5.135	8.26248e-07
5.14	3.95925e-07
5.145	7.35161e-07
5.15	9.23197e-07
5.155	9.94904e-08
5.16	8.33662e-07
5.165	4.03181e-07
5.17	7.49023e-07
5.175	9.41808e-07
5.18	1.02964e-07
5.185	8.55051e-07
5.19	4.15523e-07
5.195	7.72412e-07
5.2	9.72029e-07
5.205	5.57091e-07
5.21	1.04752e-07
5.215	6.53263e-07
5.22	9.75343e-07
5.225	5.41429e-07
5.23	9.85688e-08
5.235	6.24796e-07
5.24	9.31247e-07
5.245	5.14025e-07
5.25	9.85592e-07
5.255	5.33352e-07
5.26	9.44882e-08
5.265	6.07223e-07
5.27	9.04249e-07
5.275	1.00922e-07
5.28	8.28944e-07
5.285	3.96409e-07
5.29	7.35684e-07
5.295	9.23828e-07
5.3	9.95063e-08
5.305	8.3326e-07
5.31	4.02526e-07
5.315	7.47642e-07
5.32	9.39977e-07
5.325	1.02483e-07
5.33	8.52352e-07
5.335	4.13828e-07
5.34	7.69343e-07
5.345	9.67942e-07
5.35	5.54565e-07
5.355	1.04158e-07
5.36	6.49553e-07
5.365	9.69956e-07
5.37	5.38115e-07
5.375	9.79036e-08
5.38	6.20407e-07
5.385	9.25105e-07
5.39	5.10369e-07
5.395	9.78622e-07
5.4	5.2912e-07
5.405	9.37183e-08
5.41	6.02321e-07
5.415	8.97083e-07
5.42	1.00078e-07
5.425	8.22093e-07
5.43	3.93116e-07
5.435	7.29251e-07
5.44	9.16021e-07
5.445	9.86002e-08
5.45	8.26041e-07
5.455	3.98913e-07
5.46	7.40847e-07
5.465	9.31528e-07
5.47	1.01485e-07
5.475	8.44595e-07
5.48	4.09945e-07
5.485	7.62011e-07
5.49	9.58848e-07
5.495	5.4904e-07
5.5	1.03103e-07
5.505	6.43148e-07
5.51	9.60618e-07
5.515	5.3259e-07
5.52	9.6871e-08
5.525	6.14101e-07
5.53	9.15842e-07
5.535	1.03718e-07
5.54	8.44204e-07
5.545	4.05584e-07
5.55	7.52678e-07
5.555	9.46069e-07
5.56	1.02375e-07
5.565	8.55639e-07
5.57	4.14512e-07
5.575	7.70102e-07
5.58	9.68916e-07
5.585	5.54236e-07
5.59	1.03783e-07
5.595	6.48493e-07
5.6	9.68628e-07
5.605	5.36664e-07
5.61	9.74196e-08
5.615	6.18245e-07
5.62	9.2206e-07
5.625	5.08191e-07
5.63	9.74636e-07
5.635	5.26712e-07
5.64	9.3134e-08
5.645	5.98788e-07
5.65	8.92194e-07
5.655	9.93903e-08
5.66	8.17173e-07
5.665	3.90636e-07
5.67	7.24298e-07
5.675	9.09828e-07
5.68	9.78293e-08
5.685	8.20205e-07
5.69	3.96036e-07
5.695	7.35227e-07
5.7	9.24365e-07
5.705	1.00625e-07
5.71	8.3787e-07
5.715	4.0669e-07
5.72	7.55735e-07
5.725	9.5077e-07
5.73	5.44409e-07
5.735	1.02155e-07
5.74	6.37538e-07
5.745	9.52077e-07
5.75	5.27985e-07
5.755	9.59912e-08
5.76	6.08391e-07
5.765	9.07403e-07
5.77	1.02734e-07
5.775	8.36319e-07
5.78	4.01824e-07
5.785	7.4563e-07
5.79	9.36969e-07
5.795	1.01373e-07
5.8	8.47329e-07
5.805	4.10596e-07
5.81	7.62733e-07
5.815	9.59217e-07
5.82	5.49025e-07
5.825	1.02758e-07
5.83	6.42186e-07
5.835	9.58809e-07
5.84	5.31485e-07
5.845	9.64568e-08
5.85	6.12084e-07
5.855	9.12679e-07
5.86	1.03189e-07
5.865	8.40786e-07
5.87	4.03766e-07
5.875	7.49311e-07
5.88	9.41375e-07
5.885	1.01763e-07
5.89	8.50984e-07
5.895	4.12298e-07
5.9	7.65818e-07
5.905	9.62995e-07
5.91	5.51134e-07
5.915	1.03075e-07
5.92	6.44521e-07
5.925	9.62062e-07
5.93	5.33297e-07
5.935	9.67232e-08
5.94	6.14089e-07
5.945	9.15395e-07
5.95	1.03455e-07
5.955	8.43206e-07
5.96	4.04905e-07
5.965	7.5138e-07
5.97	9.43896e-07
5.975	1.02008e-07
5.98	8.53183e-07
5.985	4.13356e-07
5.99	7.67696e-07
5.995	9.65376e-07
6	5.5243e-07
6.005	1.03297e-07
6.01	6.45996e-07
6.015	9.64179e-07
6.02	5.34468e-07
6.025	9.69134e-08
6.03	6.15412e-07
6.035	9.17355e-07
6.04	1.03653e-07
6.045	8.44958e-07
6.05	4.05691e-07
6.055	7.52754e-07
6.06	9.45624e-07
6.065	1.02188e-07
6.07	8.54749e-07
6.075	4.14035e-07
6.08	7.68978e-07
6.085	9.66924e-07
6.09	5.53358e-07
6.095	1.03473e-07
6.1	6.47097e-07
6.105	9.65719e-07
6.11	5.35195e-07
6.115	9.70653e-08
6.12	6.16344e-07
6.125	9.18716e-07
6.13	1.03816e-07
6.135	8.46135e-07
6.14	4.06109e-07
6.145	7.53834e-07
6.15	9.46837e-07
6.155	1.02332e-07
6.16	8.55764e-07
6.165	4.14429e-07
6.17	7.69992e-07
6.175	9.67921e-07
6.18	5.53976e-07
6.185	1.03608e-07
6.19	6.47874e-07
6.195	9.66663e-07
6.2	5.35738e-07
6.205	9.71766e-08
6.21	6.17044e-07
6.215	9.19564e-07
6.22	1.03922e-07
6.225	8.46876e-07
6.23	4.06322e-07
6.235	7.5446e-07
6.24	9.47568e-07
6.245	1.02423e-07
6.25	8.56441e-07
6.255	4.14596e-07
6.26	7.70513e-07
6.265	9.68638e-07
6.27	5.54346e-07
6.275	1.03681e-07
6.28	6.48296e-07
6.285	9.67359e-07
6.29	5.36088e-07
6.295	9.72301e-08
6.3	6.1741e-07
6.305	9.20127e-07
6.31	1.03961e-07
6.315	8.47329e-07
6.32	4.06414e-07
6.325	7.54791e-07
6.33	9.47997e-07
6.335	5.40264e-07
6.34	9.99345e-08
6.345	6.28679e-07
6.35	9.37608e-07
6.355	5.1814e-07
6.36	9.94043e-07
6.365	5.37908e-07
6.37	9.54825e-08
6.375	6.13166e-07
6.38	9.13267e-07
6.385	1.01947e-07
6.39	8.37334e-07
6.395	4.00146e-07
6.4	7.42934e-07
6.405	9.33059e-07
6.41	1.0044e-07
6.415	8.41695e-07
6.42	4.06268e-07
6.425	7.55027e-07
6.43	9.49066e-07
6.435	5.4212e-07
6.44	1.00959e-07
6.445	6.32844e-07
6.45	9.44286e-07
6.455	5.22426e-07
6.46	9.44187e-08
6.465	6.0088e-07
6.47	8.95436e-07
6.475	1.00782e-07
6.48	8.23433e-07
6.485	3.94294e-07
6.49	7.32327e-07
6.495	9.19855e-07
6.5	9.91468e-08
6.505	8.30569e-07
6.51	4.01236e-07
6.515	7.45953e-07
6.52	9.38033e-07
6.525	1.0255e-07
6.53	8.51622e-07
6.535	4.13358e-07
6.54	7.69127e-07
6.545	9.6789e-07
6.55	5.54557e-07
6.555	1.04279e-07
6.56	6.50197e-07
6.565	9.70842e-07
6.57	5.38418e-07
6.575	9.80605e-08
6.58	6.21289e-07
6.585	9.26338e-07
6.59	5.10684e-07
6.595	9.79891e-07
6.6	5.29477e-07
6.605	9.39069e-08
6.61	6.0304e-07
6.615	8.98195e-07
6.62	1.0021e-07
6.625	8.23073e-07
6.63	3.92888e-07
6.635	7.30061e-07
6.64	9.1684e-07
6.645	9.86465e-08
6.65	8.26837e-07
6.655	3.98681e-07
6.66	7.41524e-07
6.665	9.32241e-07
6.67	1.01532e-07
6.675	8.45231e-07
6.68	4.09667e-07
6.685	7.62563e-07
6.69	9.59455e-07
6.695	5.49313e-07
6.7	1.03144e-07
6.705	6.43547e-07
6.71	9.60892e-07
6.715	5.3247e-07
6.72	9.69245e-08
6.725	6.14069e-07
6.73	9.1554e-07
6.735	1.03673e-07
6.74	8.43773e-07
6.745	4.04451e-07
6.75	7.52127e-07
6.755	9.45093e-07
6.76	1.02241e-07
6.765	8.5466e-07
6.77	4.13249e-07
6.775	7.69152e-07
6.78	9.67335e-07
6.785	5.53252e-07
6.79	1.03604e-07
6.795	6.47262e-07
6.8	9.66398e-07
6.805	5.35124e-07
6.81	9.72289e-08
6.815	6.16407e-07
6.82	9.19172e-07
6.825	1.03911e-07
6.83	8.46551e-07
6.835	4.05525e-07
6.84	7.54004e-07
6.845	9.47321e-07
6.85	1.02385e-07
6.855	8.56258e-07
6.86	4.13811e-07
6.865	7.70107e-07
6.87	9.68485e-07
6.875	5.53644e-07
6.88	1.03625e-07
6.885	6.47464e-07
6.89	9.66743e-07
6.895	5.35118e-07
6.9	9.71683e-08
6.905	6.16176e-07
6.91	9.18853e-07
6.915	1.03822e-07
6.92	8.46047e-07
6.925	4.05222e-07
6.93	7.53308e-07
6.935	9.46437e-07
6.94	1.02251e-07
6.945	8.55239e-07
6.95	4.1329e-07
6.955	7.68956e-07
6.96	9.67043e-07
6.965	5.52712e-07
6.97	1.03405e-07
6.975	6.46256e-07
6.98	9.64893e-07
6.985	5.33904e-07
6.99	9.69268e-08
6.995	6.14761e-07
7	9.16799e-07
7.005	1.03546e-07
7.01	8.4402e-07
7.015	4.04297e-07
7.02	7.51383e-07
7.025	9.44095e-07
7.03	1.01969e-07
7.035	8.52949e-07
7.04	4.1219e-07
7.045	7.66748e-07
7.05	9.64399e-07
7.055	5.50977e-07
7.06	1.03081e-07
7.065	6.44219e-07
7.07	9.61971e-07
7.075	5.32165e-07
7.08	9.65984e-08
7.085	6.12729e-07
7.09	9.13831e-07
7.095	1.03186e-07
7.1	8.41184e-07
7.105	4.02845e-07
7.11	7.48767e-07
7.115	9.40878e-07
7.12	1.01603e-07
7.125	8.49968e-07
7.13	4.10613e-07
7.135	7.63968e-07
7.14	9.60999e-07
7.145	5.48973e-07
7.15	1.02698e-07
7.155	6.41865e-07
7.16	9.58449e-07
7.165	5.30087e-07
7.17	9.62389e-08
7.175	6.10442e-07
7.18	9.10403e-07
7.185	1.02793e-07
7.19	8.37957e-07
7.195	4.011e-07
7.2	7.45788e-07
7.205	9.37278e-07
7.21	1.01204e-07
7.215	8.46666e-07
7.22	4.08808e-07
7.225	7.60921e-07
7.23	9.57157e-07
7.235	5.46717e-07
7.24	1.02283e-07
7.245	6.39183e-07
7.25	9.54559e-07
7.255	5.27915e-07
7.26	9.58382e-08
7.265	6.07904e-07
7.27	9.06643e-07
7.275	1.02356e-07
7.28	8.34444e-07
7.285	3.99245e-07
7.29	7.42604e-07
7.295	9.33341e-07
7.3	1.00753e-07
7.305	8.43115e-07
7.31	4.06933e-07
7.315	7.57674e-07
7.32	9.53059e-07
7.325	5.44323e-07
7.33	1.01814e-07
7.335	6.36343e-07
7.34	9.50428e-07
7.345	5.25527e-07
7.35	9.53998e-08
7.355	6.05099e-07
7.36	9.02611e-07
7.365	1.01876e-07
7.37	8.30772e-07
7.375	3.97251e-07
7.38	7.39213e-07
7.385	9.28965e-07
7.39	1.00267e-07
7.395	8.39248e-07
7.4	4.04881e-07
7.405	7.54176e-07
7.41	9.4849e-07
7.415	5.41744e-07
7.42	1.01301e-07
7.425	6.33313e-07
7.43	9.4588e-07
7.435	5.22957e-07
7.44	9.49268e-08
7.445	6.02148e-07
7.45	8.98244e-07
7.455	1.01356e-07
7.46	8.26702e-07
7.465	3.95232e-07
7.47	7.35655e-07
7.475	9.24405e-07
7.48	9.97518e-08
7.485	8.35059e-07
7.49	4.02811e-07
7.495	7.5038e-07
7.5	9.43782e-07
7.505	1.03301e-07
7.51	8.57124e-07
7.515	4.15444e-07
7.52	7.74454e-07
7.525	9.74618e-07
7.53	5.57961e-07
7.535	1.05071e-07
7.54	6.54495e-07
7.545	9.77726e-07
7.55	5.41672e-07
7.555	9.88613e-08
7.56	6.25301e-07
7.565	9.3293e-07
7.57	5.13633e-07
7.575	9.86946e-07
7.58	5.32565e-07
7.585	9.47142e-08
7.59	6.06867e-07
7.595	9.04575e-07
7.6	1.01017e-07
7.605	8.28917e-07
7.61	3.94981e-07
7.615	7.35145e-07
7.62	9.23472e-07
7.625	9.94434e-08
7.63	8.32744e-07
7.635	4.0085e-07
7.64	7.46671e-07
7.645	9.38846e-07
7.65	1.02313e-07
7.655	8.51121e-07
7.66	4.11809e-07
7.665	7.67723e-07
7.67	9.65948e-07
7.675	5.523e-07
7.68	1.03874e-07
7.685	6.47192e-07
7.69	9.66976e-07
7.695	5.34921e-07
7.7	9.75777e-08
7.705	6.17076e-07
7.71	9.20859e-07
7.715	5.06471e-07
7.72	9.73323e-07
7.725	5.24763e-07
7.73	9.32751e-08
7.735	5.97424e-07
7.74	8.9069e-07
7.745	9.94368e-08
7.75	8.15721e-07
7.755	3.88602e-07
7.76	7.22831e-07
7.765	9.07966e-07
7.77	9.77637e-08
7.775	8.18368e-07
7.78	3.93975e-07
7.785	7.33384e-07
7.79	9.22171e-07
7.795	1.00531e-07
7.8	8.35648e-07
7.805	4.04415e-07
7.81	7.53425e-07
7.815	9.47989e-07
7.82	5.41815e-07
7.825	1.01981e-07
7.83	6.3464e-07
7.835	9.48271e-07
7.84	5.24585e-07
7.845	9.5744e-08
7.85	6.04851e-07
7.855	9.02661e-07
7.86	1.02338e-07
7.865	8.31529e-07
7.87	3.98257e-07
7.875	7.40796e-07
7.88	9.30962e-07
7.885	1.009e-07
7.89	8.41518e-07
7.895	4.06628e-07
7.9	7.56933e-07
7.905	9.52055e-07
7.91	5.43772e-07
7.915	1.02148e-07
7.92	6.36222e-07
7.925	9.50427e-07
7.93	5.25514e-07
7.935	9.58e-08
7.94	6.05437e-07
7.945	9.03442e-07
7.95	1.0235e-07
7.955	8.31778e-07
7.96	3.98352e-07
7.965	7.40628e-07
7.97	9.3075e-07
7.975	1.00853e-07
7.98	8.4094e-07
7.985	4.0633e-07
7.99	7.56005e-07
7.995	9.51087e-07
8	5.42906e-07
8.005	1.0201e-07
8.01	6.3511e-07
8.015	9.48844e-07
8.02	5.24528e-07
8.025	9.56128e-08
8.03	6.04197e-07
8.035	9.01614e-07
8.04	1.02159e-07
8.045	8.29991e-07
8.05	3.97441e-07
8.055	7.38815e-07
8.06	9.28691e-07
8.065	1.00645e-07
8.07	8.38993e-07
8.075	4.05232e-07
8.08	7.54021e-07
8.085	9.48867e-07
8.09	5.4142e-07
8.095	1.01751e-07
8.1	6.33354e-07
8.105	9.4648e-07
8.11	5.23075e-07
8.115	9.53409e-08
8.12	6.0252e-07
8.125	8.9916e-07
8.13	1.01888e-07
8.135	8.27686e-07
8.14	3.96303e-07
8.145	7.36753e-07
8.15	9.26227e-07
8.155	1.00364e-07
8.16	8.36717e-07
8.165	4.04011e-07
8.17	7.5201e-07
8.175	9.4636e-07
8.18	1.03988e-07
8.185	8.59428e-07
8.19	4.16822e-07
8.195	7.76575e-07
8.2	9.77844e-07
8.205	5.59223e-07
8.21	1.05851e-07
8.215	6.56276e-07
8.22	9.81143e-07
8.225	5.43407e-07
8.23	9.9606e-08
8.235	6.27466e-07
8.24	9.36653e-07
8.245	5.15735e-07
8.25	9.91274e-07
8.255	5.3485e-07
8.26	9.54567e-08
8.265	6.09667e-07
8.27	9.08975e-07
8.275	1.01896e-07
8.28	8.33243e-07
8.285	3.97457e-07
8.29	7.39093e-07
8.295	9.28827e-07
8.3	1.00463e-07
8.305	8.37735e-07
8.31	4.03622e-07
8.315	7.51344e-07
8.32	9.45015e-07
8.325	1.03451e-07
8.33	8.56801e-07
8.335	4.14909e-07
8.34	7.73075e-07
8.345	9.728e-07
8.35	5.56258e-07
8.355	1.05072e-07
8.36	6.52293e-07
8.365	9.74321e-07
8.37	5.39253e-07
8.375	9.86967e-08
8.38	6.22376e-07
8.385	9.28605e-07
8.39	5.10928e-07
8.395	9.81846e-07
8.4	5.29629e-07
8.405	9.44071e-08
8.41	6.03212e-07
8.415	8.99329e-07
8.42	1.00732e-07
8.425	8.24081e-07
8.43	3.92713e-07
8.435	7.30675e-07
8.44	9.17882e-07
8.445	9.91945e-08
8.45	8.27687e-07
8.455	3.98592e-07
8.46	7.42226e-07
8.465	9.33162e-07
8.47	1.02128e-07
8.475	8.46064e-07
8.48	4.09528e-07
8.485	7.63362e-07
8.49	9.60266e-07
8.495	5.49354e-07
8.5	1.03706e-07
8.505	6.43805e-07
8.51	9.61591e-07
8.515	5.32342e-07
8.52	9.74024e-08
8.525	6.14174e-07
8.53	9.16272e-07
8.535	1.042e-07
8.54	8.44522e-07
8.545	4.0436e-07
8.55	7.52934e-07
8.555	9.46223e-07
8.56	1.02879e-07
8.565	8.5576e-07
8.57	4.13332e-07
8.575	7.70252e-07
8.58	9.68877e-07
8.585	5.53793e-07
8.59	1.04294e-07
8.595	6.48227e-07
8.6	9.6821e-07
8.605	5.35697e-07
8.61	9.78848e-08
8.615	6.17621e-07
8.62	9.21329e-07
8.625	5.06922e-07
8.63	9.73718e-07
8.635	5.25005e-07
8.64	9.35808e-08
8.645	5.98093e-07
8.65	8.91238e-07
8.655	9.98193e-08
8.66	8.16269e-07
8.665	3.8906e-07
8.67	7.23544e-07
8.675	9.09025e-07
8.68	9.8293e-08
8.685	8.19506e-07
8.69	3.94641e-07
8.695	7.34589e-07
8.7	9.23869e-07
8.705	1.01187e-07
8.71	8.37405e-07
8.715	4.05296e-07
8.72	7.55102e-07
8.725	9.50317e-07
8.73	5.43257e-07
8.735	1.02695e-07
8.74	6.369e-07
8.745	9.51463e-07
8.75	5.26463e-07
8.755	9.64761e-08
8.76	6.07644e-07
8.765	9.06419e-07
8.77	1.03172e-07
8.775	8.3524e-07
8.78	4.00225e-07
8.785	7.44546e-07
8.79	9.35868e-07
8.795	1.01896e-07
8.8	8.46269e-07
8.805	4.09064e-07
8.81	7.61619e-07
8.815	9.58288e-07
8.82	5.47495e-07
8.825	1.03297e-07
8.83	6.41276e-07
8.835	9.57663e-07
8.84	5.29891e-07
8.845	9.69814e-08
8.85	6.11166e-07
8.855	9.11381e-07
8.86	1.03669e-07
8.865	8.39559e-07
8.87	4.02197e-07
8.875	7.48178e-07
8.88	9.40332e-07
8.885	1.02344e-07
8.89	8.50212e-07
8.895	4.10821e-07
8.9	7.64944e-07
8.905	9.62421e-07
8.91	5.4982e-07
8.915	1.03727e-07
8.92	6.43932e-07
8.925	9.61576e-07
8.93	5.31958e-07
8.935	9.73481e-08
8.94	6.13533e-07
8.945	9.15052e-07
8.95	1.04084e-07
8.955	8.42947e-07
8.96	4.03704e-07
8.965	7.51131e-07
8.97	9.44009e-07
8.975	1.02763e-07
8.98	8.53589e-07
8.985	4.12356e-07
8.99	7.67994e-07
8.995	9.66254e-07
9	5.51938e-07
9.005	1.04147e-07
9.01	6.46467e-07
9.015	9.65485e-07
9.02	5.34014e-07
9.025	9.77409e-08
9.03	6.15972e-07
9.035	9.18807e-07
9.04	1.04524e-07
9.045	8.46501e-07
9.05	4.05234e-07
9.055	7.54304e-07
9.06	9.48046e-07
9.065	5.39396e-07
9.07	1.00722e-07
9.075	6.28843e-07
9.08	9.38714e-07
9.085	5.17891e-07
9.09	9.95889e-07
9.095	5.38071e-07
9.1	9.64325e-08
9.105	6.14169e-07
9.11	9.15733e-07
9.115	1.03032e-07
9.12	8.40313e-07
9.125	4.00905e-07
9.13	7.46212e-07
9.135	9.37586e-07
9.14	1.01664e-07
9.145	8.46544e-07
9.15	4.07931e-07
9.155	7.60065e-07
9.16	9.55851e-07
9.165	5.45437e-07
9.17	1.0251e-07
9.175	6.377e-07
9.18	9.52344e-07
9.185	5.26349e-07
9.19	9.60708e-08
9.195	6.06351e-07
9.2	9.04362e-07
9.205	1.02607e-07
9.21	8.32587e-07
9.215	3.98138e-07
9.22	7.41256e-07
9.225	9.31514e-07
9.23	1.01197e-07
9.235	8.41826e-07
9.24	4.06205e-07
9.245	7.57047e-07
9.25	9.52237e-07
9.255	5.43894e-07
9.26	1.02451e-07
9.265	6.36556e-07
9.27	9.50563e-07
9.275	5.25727e-07
9.28	9.61732e-08
9.285	6.06178e-07
9.29	9.04186e-07
9.295	1.02803e-07
9.3	8.32957e-07
9.305	3.98524e-07
9.31	7.42282e-07
9.315	9.32805e-07
9.32	1.01487e-07
9.325	8.43398e-07
9.33	4.07105e-07
9.335	7.58969e-07
9.34	9.54867e-07
9.345	5.45604e-07
9.35	1.02898e-07
9.355	6.38832e-07
9.36	9.54063e-07
9.365	5.27797e-07
9.37	9.66848e-08
9.375	6.08853e-07
9.38	9.08264e-07
9.385	1.03391e-07
9.39	8.37013e-07
9.395	4.00528e-07
9.4	7.46207e-07
9.405	9.38008e-07
9.41	1.02138e-07
9.415	8.48365e-07
9.42	4.09466e-07
9.425	7.63549e-07
9.43	9.6097e-07
9.435	5.49008e-07
9.44	1.03642e-07
9.445	6.43001e-07
9.45	9.60705e-07
9.455	5.31416e-07
9.46	9.74207e-08
9.465	6.13225e-07
9.47	9.15102e-07
9.475	1.04216e-07
9.48	8.435e-07
9.485	4.03537e-07
9.49	7.51999e-07
9.495	9.45698e-07
9.5	1.03011e-07
9.505	8.55535e-07
9.51	4.12755e-07
9.515	7.69977e-07
9.52	9.69441e-07
9.525	5.5363e-07
9.53	1.04581e-07
9.535	6.48567e-07
9.54	9.69547e-07
9.545	5.36069e-07
9.55	9.83202e-08
9.555	6.18743e-07
9.56	9.2371e-07
9.565	5.08088e-07
9.57	9.77342e-07
9.575	5.26661e-07
9.58	9.42695e-08
9.585	6.00788e-07
9.59	8.95999e-07
9.595	1.00677e-07
9.6	8.21523e-07
9.605	3.91233e-07
9.61	7.28941e-07
9.615	9.16557e-07
9.62	9.93642e-08
9.625	8.27118e-07
9.63	3.97888e-07
9.635	7.42176e-07
9.64	9.34085e-07
9.645	1.02514e-07
9.65	8.47519e-07
9.655	4.09676e-07
9.66	7.64934e-07
9.665	9.63482e-07
9.67	5.50541e-07
9.675	1.04379e-07
9.68	6.46256e-07
9.685	9.66558e-07
9.69	5.34461e-07
9.695	9.82777e-08
9.7	6.17792e-07
9.705	9.2275e-07
9.71	5.07458e-07
9.715	9.77192e-07
9.72	5.26644e-07
9.725	9.43898e-08
9.73	6.01064e-07
9.735	8.96992e-07
9.74	1.00857e-07
9.745	8.23098e-07
9.75	3.91993e-07
9.755	7.30759e-07
9.76	9.1907e-07
9.765	9.9629e-08
9.77	8.29918e-07
9.775	3.99216e-07
9.78	7.44958e-07
9.785	9.37767e-07
9.79	1.02896e-07
9.795	8.51268e-07
9.8	4.11496e-07
9.805	7.68656e-07
9.81	9.68185e-07
9.815	5.53276e-07
9.82	1.04873e-07
9.825	6.4958e-07
9.83	9.7187e-07
9.835	5.37444e-07
9.84	9.87854e-08
9.845	6.2137e-07
9.85	9.28374e-07
9.855	5.10675e-07
9.86	9.83319e-07
9.865	5.30028e-07
9.87	9.49754e-08
9.875	6.0532e-07
9.88	9.03281e-07
9.885	1.01519e-07
9.89	8.28961e-07
9.895	3.94929e-07
9.9	7.36314e-07
9.905	9.25742e-07
9.91	1.00374e-07
9.915	8.36152e-07
9.92	4.02383e-07
9.925	7.51054e-07
9.93	9.45058e-07
9.935	1.03712e-07
9.94	8.58108e-07
9.945	4.14957e-07
9.95	7.75264e-07
9.955	9.76148e-07
9.96	5.57971e-07
9.965	1.05779e-07
9.97	6.55539e-07
9.975	9.80354e-07
9.98	5.42326e-07
9.985	9.96923e-08
9.99	6.27307e-07
9.995	9.36974e-07
10	5.15514e-07
