0.005	1
0.01	0.215288
0.015	0.122364
0.02	0.0680163
0.025	0.0452308
0.03	0.0314552
0.035	0.0238536
0.04	0.0184003
0.045	0.0143549
0.05	0.0113801
0.055	0.00900792
0.06	0.00729257
0.065	0.00587765
0.07	0.00481304
0.075	0.00395242
0.08	0.0032635
0.085	0.00269516
0.09	0.00226211
0.095	0.00191276
0.1	0.00161592
0.105	0.00138353
0.11	0.00117456
0.115	0.0010027
0.12	0.000852887
0.125	0.000728292
0.13	0.000620475
0.135	0.000531502
0.14	0.000454056
0.145	0.000387629
0.15	0.000331615
0.155	0.000284267
0.16	0.000244443
0.165	0.000209599
0.17	0.000179633
0.175	0.000154101
0.18	0.000132424
0.185	0.000114842
0.19	9.90047e-05
0.195	8.53772e-05
0.2	7.34536e-05
0.205	6.34663e-05
0.21	5.50041e-05
0.215	4.84349e-05
0.22	4.22674e-05
0.225	3.68786e-05
0.23	3.17568e-05
0.235	2.80248e-05
0.24	2.45269e-05
0.245	2.15277e-05
0.25	1.97847e-05
0.255	1.74671e-05
0.26	1.56629e-05
0.265	1.35199e-05
0.27	1.21627e-05
0.275	1.10153e-05
0.28	9.8835e-06
0.285	9.72148e-06
0.29	9.11596e-06
0.295	8.46123e-06
0.3	7.8649e-06
0.305	6.85715e-06
0.31	6.43278e-06
0.315	6.16834e-06
0.32	5.62283e-06
0.325	5.38143e-06
0.33	5.05689e-06
0.335	4.80888e-06
0.34	4.5111e-06
0.345	4.26534e-06
0.35	4.05033e-06
0.355	3.90475e-06
0.36	3.63624e-06
0.365	3.49654e-06
0.37	3.27511e-06
0.375	3.1685e-06
0.38	2.95317e-06
0.385	2.72694e-06
0.39	2.63619e-06
0.395	2.51131e-06
0.4	2.39022e-06
0.405	2.20571e-06
0.41	2.12692e-06
0.415	2.034e-06
0.42	1.88333e-06
0.425	1.82377e-06
0.43	1.57057e-06
0.435	1.6976e-06
0.44	1.52907e-06
0.445	1.47192e-06
0.45	1.30889e-06
0.455	1.31268e-06
0.46	1.22656e-06
0.465	1.18999e-06
0.47	1.09397e-06
0.475	1.05155e-06
0.48	1.02238e-06
0.485	9.72687e-07
0.49	8.90126e-07
0.495	8.3398e-07
0.5	7.83202e-07
0.505	7.42279e-07
0.51	7.1679e-07
0.515	6.75861e-07
0.52	6.44766e-07
0.525	6.20549e-07
0.53	5.87273e-07
0.535	5.58308e-07
0.54	5.25032e-07
0.545	4.95926e-07
0.55	4.66509e-07
0.555	4.39742e-07
0.56	4.12413e-07
0.565	3.88954e-07
0.57	3.76963e-07
0.575	3.53924e-07
0.58	3.34254e-07
0.585	3.13851e-07
0.59	2.97061e-07
0.595	2.8737e-07
0.6	2.71017e-07
0.605	2.56358e-07
0.61	2.41886e-07
0.615	2.28717e-07
0.62	2.20627e-07
0.625	2.08728e-07
0.63	1.96686e-07
0.635	1.86093e-07
0.64	1.7513e-07
0.645	1.68153e-07
0.65	1.59618e-07
0.655	1.4979e-07
0.66	1.40953e-07
0.665	1.33575e-07
0.67	1.26693e-07
0.675	1.22577e-07
0.68	1.15205e-07
0.685	1.09983e-07
0.69	1.05841e-07
0.695	1.0174e-07
0.7	9.56042e-08
0.705	9.13285e-08
0.71	8.68409e-08
0.715	8.10439e-08
0.72	8.09708e-08
0.725	7.37572e-08
0.73	7.01574e-08
0.735	6.53316e-08
0.74	6.45976e-08
0.745	5.9011e-08
0.75	5.95985e-08
0.755	5.35253e-08
0.76	5.55022e-08
0.765	5.11127e-08
0.77	4.50474e-08
0.775	4.20918e-08
0.78	4.0198e-08
0.785	4.81485e-08
0.79	4.36153e-08
0.795	3.67059e-08
0.8	3.35244e-08
0.805	4.0405e-08
0.81	3.30839e-08
0.815	3.87841e-08
0.82	3.53165e-08
0.825	2.79691e-08
0.83	2.4794e-08
0.835	3.34891e-08
0.84	3.09183e-08
0.845	2.35795e-08
0.85	2.04436e-08
0.855	3.05682e-08
0.86	2.87447e-08
0.865	2.07e-08
0.87	1.72776e-08
0.875	2.95058e-08
0.88	2.79598e-08
0.885	1.89024e-08
0.89	3.08855e-08
0.895	1.97997e-08
0.9	2.27802e-08
0.905	1.55783e-08
0.91	2.53336e-08
0.915	2.46532e-08
0.92	1.55629e-08
0.925	2.834e-08
0.93	1.71927e-08
0.935	2.07287e-08
0.94	1.32168e-08
0.945	2.36008e-08
0.95	2.29814e-08
0.955	1.37634e-08
0.96	9.41122e-09
0.965	2.53036e-08
0.97	2.40938e-08
0.975	1.40532e-08
0.98	2.74982e-08
0.985	1.5837e-08
0.99	1.93375e-08
0.995	1.15041e-08
1	2.19216e-08
1.005	1.28899e-08
1.01	2.42771e-08
1.015	2.27748e-08
1.02	1.29048e-08
1.025	7.943e-09
1.03	2.45807e-08
1.035	2.29558e-08
1.04	1.29544e-08
1.045	7.86311e-09
1.05	2.48454e-08
1.055	2.3074e-08
1.06	1.29661e-08
1.065	7.77914e-09
1.07	2.49647e-08
1.075	2.30867e-08
1.08	1.29312e-08
1.085	7.68782e-09
1.09	2.49706e-08
1.095	2.30059e-08
1.1	1.28571e-08
1.105	7.59022e-09
1.11	2.48503e-08
1.115	2.28125e-08
1.12	1.27218e-08
1.125	7.47699e-09
1.13	2.45926e-08
1.135	2.24882e-08
1.14	1.25275e-08
1.145	7.34692e-09
1.15	3.38837e-08
1.155	1.92383e-08
1.16	2.20919e-08
1.165	1.26303e-08
1.17	2.39777e-08
1.175	1.37512e-08
1.18	2.56764e-08
1.185	2.26963e-08
1.19	1.2586e-08
1.195	7.35233e-09
1.2	4.47365e-09
1.205	2.89557e-08
1.21	2.50856e-08
1.215	1.40205e-08
1.22	8.23606e-09
1.225	2.62297e-08
1.23	1.51612e-08
1.235	2.76881e-08
1.24	2.39092e-08
1.245	1.33104e-08
1.25	7.78836e-09
1.255	4.7414e-09
1.26	3.01723e-08
1.265	2.56761e-08
1.27	1.43841e-08
1.275	8.45884e-09
1.28	3.74225e-08
1.285	2.13751e-08
1.29	2.34601e-08
1.295	1.34664e-08
1.3	2.46764e-08
1.305	1.41906e-08
1.31	2.57196e-08
1.315	1.48075e-08
1.32	2.68512e-08
1.325	1.54768e-08
1.33	2.79834e-08
1.335	1.61272e-08
1.34	2.91241e-08
1.345	2.4602e-08
1.35	1.36544e-08
1.355	7.94947e-09
1.36	4.81222e-09
1.365	3.06672e-08
1.37	2.58437e-08
1.375	1.4433e-08
1.38	8.4412e-09
1.385	3.74762e-08
1.39	2.13364e-08
1.395	2.3355e-08
1.4	1.33547e-08
1.405	2.45202e-08
1.41	1.40454e-08
1.415	2.55246e-08
1.42	1.46402e-08
1.425	2.66218e-08
1.43	1.52883e-08
1.435	2.77181e-08
1.44	1.59215e-08
1.445	2.88181e-08
1.45	1.6561e-08
1.455	2.99247e-08
1.46	2.51473e-08
1.465	1.39229e-08
1.47	8.07191e-09
1.475	4.84711e-09
1.48	3.12587e-08
1.485	2.61498e-08
1.49	1.45743e-08
1.495	8.50033e-09
1.5	3.77254e-08
1.505	2.14801e-08
1.51	2.33402e-08
1.515	1.33333e-08
1.52	3.68721e-08
1.525	2.09112e-08
1.53	2.27197e-08
1.535	1.29412e-08
1.54	3.57105e-08
1.545	2.02109e-08
1.55	2.19254e-08
1.555	1.24679e-08
1.56	7.37495e-09
1.565	3.17962e-08
1.57	2.63657e-08
1.575	1.46944e-08
1.58	8.57102e-09
1.585	3.774e-08
1.59	2.1478e-08
1.595	2.31916e-08
1.6	1.32393e-08
1.605	3.6385e-08
1.61	2.06245e-08
1.615	2.22735e-08
1.62	1.26771e-08
1.625	3.4801e-08
1.63	1.96762e-08
1.635	3.57792e-08
1.64	2.02343e-08
1.645	2.19462e-08
1.65	1.24702e-08
1.655	7.36554e-09
1.66	3.15775e-08
1.665	2.60106e-08
1.67	1.44849e-08
1.675	8.4417e-09
1.68	5.09492e-09
1.685	3.24301e-08
1.69	2.67684e-08
1.695	1.49545e-08
1.7	8.73987e-09
1.705	3.83665e-08
1.71	2.1861e-08
1.715	2.34961e-08
1.72	1.34326e-08
1.725	3.68386e-08
1.73	2.08856e-08
1.735	2.24539e-08
1.74	1.27902e-08
1.745	3.50308e-08
1.75	1.9808e-08
1.755	3.59325e-08
1.76	2.03173e-08
1.765	2.19368e-08
1.77	1.2468e-08
1.775	7.3614e-09
1.78	3.15111e-08
1.785	2.58752e-08
1.79	1.44e-08
1.795	8.38415e-09
1.8	5.05674e-09
1.805	3.21642e-08
1.81	2.64737e-08
1.815	1.47766e-08
1.82	8.62777e-09
1.825	3.7829e-08
1.83	2.15422e-08
1.835	2.30868e-08
1.84	1.31941e-08
1.845	3.61279e-08
1.85	2.0468e-08
1.855	2.19513e-08
1.86	1.24932e-08
1.865	7.39119e-09
1.87	3.1657e-08
1.875	2.60089e-08
1.88	1.44899e-08
1.885	8.443e-09
1.89	5.09271e-09
1.895	3.23658e-08
1.9	2.66475e-08
1.905	1.48826e-08
1.91	8.69884e-09
1.915	3.81103e-08
1.92	2.17106e-08
1.925	2.32677e-08
1.93	1.32966e-08
1.935	3.63964e-08
1.94	2.06238e-08
1.945	2.21069e-08
1.95	1.25843e-08
1.955	3.44049e-08
1.96	1.94384e-08
1.965	3.5199e-08
1.97	1.98867e-08
1.975	2.14111e-08
1.98	1.21608e-08
1.985	7.17745e-09
1.99	3.06869e-08
1.995	2.51162e-08
2	1.39726e-08
2.005	8.12979e-09
2.01	4.89828e-09
2.015	3.11441e-08
2.02	2.55456e-08
2.025	1.42597e-08
2.03	8.31748e-09
2.035	5.02289e-09
2.04	3.19077e-08
2.045	2.62529e-08
2.05	1.4688e-08
2.055	8.58479e-09
2.06	5.19529e-09
2.065	3.2963e-08
2.07	2.71851e-08
2.075	1.52355e-08
2.08	8.91944e-09
2.085	3.90134e-08
2.09	2.22997e-08
2.095	2.38585e-08
2.1	1.36743e-08
2.105	3.73669e-08
2.11	2.12438e-08
2.115	2.2725e-08
2.12	1.29668e-08
2.125	3.53627e-08
2.13	2.00376e-08
2.135	3.62001e-08
2.14	2.05124e-08
2.145	2.20439e-08
2.15	1.2541e-08
2.155	7.40801e-09
2.16	3.16201e-08
2.165	2.58258e-08
2.17	1.43933e-08
2.175	8.38903e-09
2.18	5.06009e-09
2.185	3.20919e-08
2.19	2.62579e-08
2.195	1.46845e-08
2.2	8.58001e-09
2.205	5.18762e-09
2.21	3.28622e-08
2.215	2.6977e-08
2.22	1.51212e-08
2.225	8.85111e-09
2.23	3.86246e-08
2.235	2.20787e-08
2.24	2.35833e-08
2.245	1.35069e-08
2.25	3.68307e-08
2.255	2.09434e-08
2.26	2.2367e-08
2.265	1.27579e-08
2.27	7.55911e-09
2.275	3.2288e-08
2.28	2.64114e-08
2.285	1.47555e-08
2.29	8.61118e-09
2.295	5.20529e-09
2.3	3.29427e-08
2.305	2.69865e-08
2.31	1.51178e-08
2.315	8.84713e-09
2.32	3.85697e-08
2.325	2.20422e-08
2.33	2.35282e-08
2.335	1.34711e-08
2.34	3.67029e-08
2.345	2.0861e-08
2.35	2.22704e-08
2.355	1.26974e-08
2.36	7.52478e-09
2.365	3.21143e-08
2.37	2.62637e-08
2.375	1.46572e-08
2.38	8.55986e-09
2.385	5.17496e-09
2.39	3.27101e-08
2.395	2.67965e-08
2.4	1.49961e-08
2.405	8.78426e-09
2.41	3.82699e-08
2.415	2.18655e-08
2.42	2.3331e-08
2.425	1.33555e-08
2.43	3.6389e-08
2.435	2.06741e-08
2.44	2.20711e-08
2.445	1.25787e-08
2.45	7.45938e-09
2.455	3.18097e-08
2.46	2.60065e-08
2.465	1.45143e-08
2.47	8.47792e-09
2.475	5.12615e-09
2.48	3.23899e-08
2.485	2.65114e-08
2.49	1.48448e-08
2.495	8.69468e-09
2.5	5.2718e-09
2.505	3.32666e-08
2.51	2.73215e-08
2.515	1.53291e-08
2.52	8.99353e-09
2.525	3.9178e-08
2.53	2.24164e-08
2.535	2.39422e-08
2.54	1.37229e-08
2.545	3.74122e-08
2.55	2.12867e-08
2.555	2.27336e-08
2.56	1.29746e-08
2.565	3.53054e-08
2.57	2.00238e-08
2.575	3.61085e-08
2.58	2.04811e-08
2.585	2.19784e-08
2.59	1.25073e-08
2.595	7.39851e-09
2.6	3.15072e-08
2.605	2.56802e-08
2.61	1.43292e-08
2.615	8.35834e-09
2.62	5.05193e-09
2.625	3.19291e-08
2.63	2.60854e-08
2.635	1.45967e-08
2.64	8.53793e-09
2.645	5.1731e-09
2.65	3.26492e-08
2.655	2.67816e-08
2.66	1.50124e-08
2.665	8.79987e-09
2.67	3.83465e-08
2.675	2.19239e-08
2.68	2.34022e-08
2.685	1.34077e-08
2.69	3.65447e-08
2.695	2.07723e-08
2.7	2.2171e-08
2.705	1.2649e-08
2.71	7.50352e-09
2.715	3.19865e-08
2.72	2.61585e-08
2.725	1.46106e-08
2.73	8.53473e-09
2.735	5.16688e-09
2.74	3.26081e-08
2.745	2.67114e-08
2.75	1.49599e-08
2.755	8.76359e-09
2.76	5.31883e-09
2.765	3.35194e-08
2.77	2.7559e-08
2.775	1.54611e-08
2.78	9.07456e-09
2.785	3.95204e-08
2.79	2.26172e-08
2.795	2.4137e-08
2.8	1.38507e-08
2.805	3.77583e-08
2.81	2.14819e-08
2.815	2.29286e-08
2.82	1.30954e-08
2.825	3.56433e-08
2.83	2.02089e-08
2.835	3.64572e-08
2.84	2.06706e-08
2.845	2.21709e-08
2.85	1.26228e-08
2.855	7.4716e-09
2.86	3.17816e-08
2.865	2.59292e-08
2.87	1.44649e-08
2.875	8.43951e-09
2.88	5.10279e-09
2.885	3.22078e-08
2.89	2.63375e-08
2.895	1.47353e-08
2.9	8.62278e-09
2.905	5.22546e-09
2.91	3.2938e-08
2.915	2.70337e-08
2.92	1.51557e-08
2.925	8.88727e-09
2.93	3.8687e-08
2.935	2.21283e-08
2.94	2.35894e-08
2.945	1.35298e-08
2.95	3.68548e-08
2.955	2.09632e-08
2.96	2.23461e-08
2.965	1.27582e-08
2.97	7.57228e-09
2.975	3.22486e-08
2.98	2.63836e-08
2.985	1.47387e-08
2.99	8.61337e-09
2.995	5.2133e-09
3	3.2876e-08
3.005	2.69316e-08
3.01	1.50901e-08
3.015	8.8418e-09
3.02	3.84737e-08
3.025	2.20016e-08
3.03	2.34331e-08
3.035	1.34345e-08
3.04	3.65749e-08
3.045	2.0801e-08
3.05	2.21521e-08
3.055	1.2648e-08
3.06	7.50247e-09
3.065	3.19579e-08
3.07	2.61147e-08
3.075	1.4589e-08
3.08	8.52144e-09
3.085	5.15574e-09
3.09	3.25296e-08
3.095	2.66269e-08
3.1	1.49173e-08
3.105	8.73748e-09
3.11	5.30089e-09
3.115	3.3397e-08
3.12	2.74361e-08
3.125	1.53958e-08
3.13	9.03461e-09
3.135	3.93187e-08
3.14	2.25047e-08
3.145	2.39912e-08
3.15	1.37714e-08
3.155	3.75208e-08
3.16	2.13545e-08
3.165	2.27639e-08
3.17	1.30086e-08
3.175	3.53856e-08
3.18	2.00699e-08
3.185	3.61844e-08
3.19	2.05239e-08
3.195	2.19834e-08
3.2	1.25217e-08
3.205	7.4137e-09
3.21	3.15321e-08
3.215	2.57135e-08
3.22	1.43453e-08
3.225	8.3689e-09
3.23	5.06049e-09
3.235	3.19419e-08
3.24	2.61008e-08
3.245	1.46047e-08
3.25	8.54534e-09
3.255	5.17843e-09
3.26	3.26497e-08
3.265	2.67833e-08
3.27	1.50122e-08
3.275	8.80336e-09
3.28	3.833e-08
3.285	2.19127e-08
3.29	2.33611e-08
3.295	1.33924e-08
3.3	3.64983e-08
3.305	2.07465e-08
3.31	2.21202e-08
3.315	1.26264e-08
3.32	7.49501e-09
3.325	3.19283e-08
3.33	2.61114e-08
3.335	1.45813e-08
3.34	8.52229e-09
3.345	5.15621e-09
3.35	3.25435e-08
3.355	2.6659e-08
3.36	1.49249e-08
3.365	8.74671e-09
3.37	5.30502e-09
3.375	3.34442e-08
3.38	2.74991e-08
3.385	1.54193e-08
3.39	9.05152e-09
3.395	3.94229e-08
3.4	2.25534e-08
3.405	2.40728e-08
3.41	1.38069e-08
3.415	3.76503e-08
3.42	2.14116e-08
3.425	2.28594e-08
3.43	1.30494e-08
3.435	3.55303e-08
3.44	2.01332e-08
3.445	3.63423e-08
3.45	2.05941e-08
3.455	2.20946e-08
3.46	1.25722e-08
3.465	7.4456e-09
3.47	3.16773e-08
3.475	2.5843e-08
3.48	1.44078e-08
3.485	8.40913e-09
3.49	5.08357e-09
3.495	3.21064e-08
3.5	2.62536e-08
3.505	1.46821e-08
3.51	8.59148e-09
3.515	5.20549e-09
3.52	3.28459e-08
3.525	2.69571e-08
3.53	1.51055e-08
3.535	8.85599e-09
3.54	3.85917e-08
3.545	2.20566e-08
3.55	2.3541e-08
3.555	1.34881e-08
3.56	3.67685e-08
3.565	2.08953e-08
3.57	2.22992e-08
3.575	1.27224e-08
3.58	7.54924e-09
3.585	3.21868e-08
3.59	2.6326e-08
3.595	1.47013e-08
3.6	8.58967e-09
3.605	5.19985e-09
3.61	3.28275e-08
3.615	2.68947e-08
3.62	1.50592e-08
3.625	8.82322e-09
3.63	3.84486e-08
3.635	2.19633e-08
3.64	2.34311e-08
3.645	1.3418e-08
3.65	3.65644e-08
3.655	2.07744e-08
3.66	2.21655e-08
3.665	1.264e-08
3.67	7.49652e-09
3.675	3.19678e-08
3.68	2.61272e-08
3.685	1.45897e-08
3.69	8.52169e-09
3.695	5.15751e-09
3.7	3.25712e-08
3.705	2.66632e-08
3.71	1.49333e-08
3.715	8.74599e-09
3.72	5.30699e-09
3.725	3.34745e-08
3.73	2.7497e-08
3.735	1.54314e-08
3.74	9.0524e-09
3.745	3.94311e-08
3.75	2.257e-08
3.755	2.40914e-08
3.76	1.38202e-08
3.765	3.76591e-08
3.77	2.14387e-08
3.775	2.28814e-08
3.78	1.30678e-08
3.785	3.55484e-08
3.79	2.01687e-08
3.795	3.63711e-08
3.8	2.06368e-08
3.805	2.21314e-08
3.81	1.26023e-08
3.815	7.45746e-09
3.82	3.17494e-08
3.825	2.58863e-08
3.83	1.44461e-08
3.835	8.43155e-09
3.84	5.09836e-09
3.845	3.22114e-08
3.85	2.63154e-08
3.855	1.47332e-08
3.86	8.62151e-09
3.865	5.22467e-09
3.87	3.29765e-08
3.875	2.70406e-08
3.88	1.51708e-08
3.885	8.89496e-09
3.89	3.87348e-08
3.895	2.21652e-08
3.9	2.36522e-08
3.905	1.35598e-08
3.91	3.69314e-08
3.915	2.10161e-08
3.92	2.24252e-08
3.925	1.28037e-08
3.93	7.59505e-09
3.935	3.23884e-08
3.94	2.64831e-08
3.945	1.4803e-08
3.95	8.65501e-09
3.955	5.23833e-09
3.96	3.3077e-08
3.965	2.70804e-08
3.97	1.51831e-08
3.975	8.90021e-09
3.98	3.87392e-08
3.985	2.21619e-08
3.99	2.3639e-08
3.995	1.35488e-08
4	3.68773e-08
4.005	2.09834e-08
4.01	2.23888e-08
4.015	1.27768e-08
4.02	7.57633e-09
4.025	3.23157e-08
4.03	2.64084e-08
4.035	1.47569e-08
4.04	8.62547e-09
4.045	5.21922e-09
4.05	3.29703e-08
4.055	2.69806e-08
4.06	1.51239e-08
4.065	8.86482e-09
4.07	3.85852e-08
4.075	2.20719e-08
4.08	2.35447e-08
4.085	1.34907e-08
4.09	3.67175e-08
4.095	2.08901e-08
4.1	2.22894e-08
4.105	1.27193e-08
4.11	7.54146e-09
4.115	3.21687e-08
4.12	2.62856e-08
4.125	1.46882e-08
4.13	8.58346e-09
4.135	5.19431e-09
4.14	3.28139e-08
4.145	2.68503e-08
4.15	1.50489e-08
4.155	8.82028e-09
4.16	3.84013e-08
4.165	2.19635e-08
4.17	2.3431e-08
4.175	1.34242e-08
4.18	3.65438e-08
4.185	2.07866e-08
4.19	2.21869e-08
4.195	1.26581e-08
4.2	7.50604e-09
4.205	3.20149e-08
4.21	2.61668e-08
4.215	1.46174e-08
4.22	8.54252e-09
4.225	5.17142e-09
4.23	3.26564e-08
4.235	2.67315e-08
4.24	1.49792e-08
4.245	8.77916e-09
4.25	3.82259e-08
4.255	2.18618e-08
4.26	2.33276e-08
4.265	1.3364e-08
4.27	3.63885e-08
4.275	2.06935e-08
4.28	2.20929e-08
4.285	1.26031e-08
4.29	7.47473e-09
4.295	3.18748e-08
4.3	2.60655e-08
4.305	1.45578e-08
4.31	8.50659e-09
4.315	5.15066e-09
4.32	3.25235e-08
4.325	2.66317e-08
4.33	1.49217e-08
4.335	8.74522e-09
4.34	5.30855e-09
4.345	3.34735e-08
4.35	2.75103e-08
4.355	1.54439e-08
4.36	9.06909e-09
4.365	3.94863e-08
4.37	2.26096e-08
4.375	2.4158e-08
4.38	1.3858e-08
4.385	3.77878e-08
4.39	2.15085e-08
4.395	2.29896e-08
4.4	1.31273e-08
4.405	3.57419e-08
4.41	2.02709e-08
4.415	3.65907e-08
4.42	2.0755e-08
4.425	2.22982e-08
4.43	1.2692e-08
4.435	7.51725e-09
4.44	3.19948e-08
4.445	2.61213e-08
4.45	1.4573e-08
4.455	8.50771e-09
4.46	5.14941e-09
4.465	3.25115e-08
4.47	2.66042e-08
4.475	1.4888e-08
4.48	8.71798e-09
4.485	5.28806e-09
4.49	3.33445e-08
4.495	2.73894e-08
4.5	1.53593e-08
4.505	9.01569e-09
4.51	3.92711e-08
4.515	2.24697e-08
4.52	2.39963e-08
4.525	1.37583e-08
4.53	3.75166e-08
4.535	2.13398e-08
4.54	2.2795e-08
4.545	1.3012e-08
4.55	3.54318e-08
4.555	2.00872e-08
4.56	3.62528e-08
4.565	2.05553e-08
4.57	2.20678e-08
4.575	1.25596e-08
4.58	7.4376e-09
4.585	3.16562e-08
4.59	2.58346e-08
4.595	1.44152e-08
4.6	8.41302e-09
4.605	5.09004e-09
4.61	3.21376e-08
4.615	2.62868e-08
4.62	1.47157e-08
4.625	8.61433e-09
4.63	5.22412e-09
4.635	3.29397e-08
4.64	2.70436e-08
4.645	1.51737e-08
4.65	8.90228e-09
4.655	3.87811e-08
4.66	2.21897e-08
4.665	2.36813e-08
4.67	1.35839e-08
4.675	3.70258e-08
4.68	2.1069e-08
4.685	2.24845e-08
4.69	1.2843e-08
4.695	7.62621e-09
4.7	3.2497e-08
4.705	2.66064e-08
4.71	1.48792e-08
4.715	8.69673e-09
4.72	5.27053e-09
4.725	3.32399e-08
4.73	2.72545e-08
4.735	1.52857e-08
4.74	8.9605e-09
4.745	3.90322e-08
4.75	2.23258e-08
4.755	2.38151e-08
4.76	1.36572e-08
4.765	3.72207e-08
4.77	2.11741e-08
4.775	2.25861e-08
4.78	1.28987e-08
4.785	7.65678e-09
4.79	3.26301e-08
4.795	2.67057e-08
4.8	1.49329e-08
4.805	8.72637e-09
4.81	5.28666e-09
4.815	3.33463e-08
4.82	2.73378e-08
4.825	1.53312e-08
4.83	8.98516e-09
4.835	3.91342e-08
4.84	2.23855e-08
4.845	2.38693e-08
4.85	1.369e-08
4.855	3.73028e-08
4.86	2.12233e-08
4.865	2.26299e-08
4.87	1.29262e-08
4.875	7.67163e-09
4.88	3.26942e-08
4.885	2.67575e-08
4.89	1.49621e-08
4.895	8.7426e-09
4.9	5.29516e-09
4.905	3.34054e-08
4.91	2.73856e-08
4.915	1.53588e-08
4.92	8.99997e-09
4.925	3.91935e-08
4.93	2.24231e-08
4.935	2.39023e-08
4.94	1.37125e-08
4.945	3.73561e-08
4.95	2.12597e-08
4.955	2.26624e-08
4.96	1.29481e-08
4.965	7.68313e-09
4.97	3.27423e-08
4.975	2.67945e-08
4.98	1.49831e-08
4.985	8.75541e-09
4.99	3.81159e-08
4.995	2.17583e-08
5	2.31544e-08
5.005	1.32595e-08
5.01	3.60811e-08
5.015	2.05016e-08
5.02	3.69666e-08
5.025	2.09966e-08
5.03	2.25152e-08
5.035	1.28373e-08
5.04	7.59978e-09
5.045	3.23431e-08
5.05	2.64142e-08
5.055	1.47505e-08
5.06	8.61262e-09
5.065	5.20935e-09
5.07	3.2885e-08
5.075	2.69173e-08
5.08	1.50767e-08
5.085	8.8277e-09
5.09	3.84322e-08
5.095	2.19688e-08
5.1	2.34021e-08
5.105	1.34146e-08
5.11	3.65282e-08
5.115	2.07703e-08
5.12	2.21348e-08
5.125	1.26351e-08
5.13	7.49293e-09
5.135	3.19234e-08
5.14	2.61072e-08
5.145	1.45829e-08
5.15	8.52171e-09
5.155	5.15564e-09
5.16	3.25392e-08
5.165	2.66671e-08
5.17	1.49395e-08
5.175	8.75676e-09
5.18	5.3129e-09
5.185	3.34761e-08
5.19	2.75413e-08
5.195	1.54571e-08
5.2	9.07862e-09
5.205	3.95163e-08
5.21	2.2636e-08
5.215	2.41558e-08
5.22	1.38727e-08
5.225	3.78102e-08
5.23	2.1533e-08
5.235	2.29822e-08
5.24	1.31383e-08
5.245	3.5749e-08
5.25	2.02909e-08
5.255	3.66015e-08
5.26	2.07765e-08
5.265	2.22802e-08
5.27	1.26982e-08
5.275	7.52658e-09
5.28	3.19929e-08
5.285	2.61286e-08
5.29	1.45847e-08
5.295	8.52289e-09
5.3	5.15685e-09
5.305	3.25195e-08
5.31	2.66229e-08
5.315	1.49059e-08
5.32	8.73577e-09
5.325	5.29898e-09
5.33	3.33702e-08
5.335	2.74285e-08
5.34	1.5388e-08
5.345	9.03772e-09
5.35	3.93281e-08
5.355	2.25222e-08
5.36	2.40269e-08
5.365	1.37947e-08
5.37	3.75794e-08
5.375	2.13997e-08
5.38	2.28285e-08
5.385	1.30479e-08
5.39	3.54982e-08
5.395	2.01486e-08
5.4	3.63294e-08
5.405	2.06218e-08
5.41	2.21041e-08
5.415	1.25951e-08
5.42	7.46658e-09
5.425	3.17328e-08
5.43	2.59052e-08
5.435	1.44591e-08
5.44	8.44934e-09
5.445	5.11532e-09
5.45	3.22389e-08
5.455	2.63793e-08
5.46	1.47723e-08
5.465	8.65625e-09
5.47	5.25377e-09
5.475	3.30734e-08
5.48	2.71637e-08
5.485	1.5246e-08
5.49	8.9513e-09
5.495	3.8951e-08
5.5	2.23076e-08
5.505	2.37931e-08
5.51	1.36586e-08
5.515	3.72058e-08
5.52	2.11908e-08
5.525	2.25979e-08
5.53	1.29166e-08
5.535	7.67893e-09
5.54	3.26821e-08
5.545	2.67516e-08
5.55	1.49656e-08
5.555	8.75734e-09
5.56	5.314e-09
5.565	3.34509e-08
5.57	2.7423e-08
5.575	1.53871e-08
5.58	9.02812e-09
5.585	3.92848e-08
5.59	2.24864e-08
5.595	2.39765e-08
5.6	1.37574e-08
5.605	3.74645e-08
5.61	2.13289e-08
5.615	2.27412e-08
5.62	1.29947e-08
5.625	3.53358e-08
5.63	2.00538e-08
5.635	3.61443e-08
5.64	2.05146e-08
5.645	2.19777e-08
5.65	1.2521e-08
5.655	7.4208e-09
5.66	3.15439e-08
5.665	2.57194e-08
5.67	1.43581e-08
5.675	8.38899e-09
5.68	5.08256e-09
5.685	3.20149e-08
5.69	2.61663e-08
5.695	1.46555e-08
5.7	8.5871e-09
5.705	5.21598e-09
5.71	3.28143e-08
5.715	2.6932e-08
5.72	1.51146e-08
5.725	8.87483e-09
5.73	3.86233e-08
5.735	2.21119e-08
5.74	2.35806e-08
5.745	1.35362e-08
5.75	3.68728e-08
5.755	2.09911e-08
5.76	2.2389e-08
5.765	1.27945e-08
5.77	7.60869e-09
5.775	3.23749e-08
5.78	2.64931e-08
5.785	1.48173e-08
5.79	8.67261e-09
5.795	5.26528e-09
5.8	3.3127e-08
5.805	2.71523e-08
5.81	1.523e-08
5.815	8.939e-09
5.82	3.88944e-08
5.825	2.2258e-08
5.83	2.37367e-08
5.835	1.36177e-08
5.84	3.70894e-08
5.845	2.1107e-08
5.85	2.25129e-08
5.855	1.28601e-08
5.86	7.64615e-09
5.865	3.25378e-08
5.87	2.66109e-08
5.875	1.48814e-08
5.88	8.70806e-09
5.885	5.28715e-09
5.89	3.32643e-08
5.895	2.72557e-08
5.9	1.52862e-08
5.905	8.97151e-09
5.91	3.90356e-08
5.915	2.23299e-08
5.92	2.38195e-08
5.925	1.36602e-08
5.93	3.72119e-08
5.935	2.1168e-08
5.94	2.25833e-08
5.945	1.28956e-08
5.95	7.66697e-09
5.955	3.26272e-08
5.96	2.66859e-08
5.965	1.492e-08
5.97	8.7298e-09
5.975	5.30013e-09
5.98	3.33454e-08
5.985	2.73224e-08
5.99	1.53216e-08
5.995	8.99233e-09
6	3.91208e-08
6.005	2.23752e-08
6.01	2.38682e-08
6.015	1.36879e-08
6.02	3.72857e-08
6.025	2.12098e-08
6.03	2.26247e-08
6.035	1.29198e-08
6.04	7.68272e-09
6.045	3.26839e-08
6.05	2.67367e-08
6.055	1.49434e-08
6.06	8.74644e-09
6.065	5.30888e-09
6.07	3.33986e-08
6.075	2.7369e-08
6.08	1.53433e-08
6.085	9.00802e-09
6.09	3.9175e-08
6.095	2.24121e-08
6.1	2.38979e-08
6.105	1.37096e-08
6.11	3.73335e-08
6.115	2.12411e-08
6.12	2.26527e-08
6.125	1.29379e-08
6.13	7.69416e-09
6.135	3.27225e-08
6.14	2.67674e-08
6.145	1.49594e-08
6.15	8.75866e-09
6.155	5.3162e-09
6.16	3.3434e-08
6.165	2.73978e-08
6.17	1.53585e-08
6.175	9.01905e-09
6.18	3.92176e-08
6.185	2.24409e-08
6.19	2.39239e-08
6.195	1.37254e-08
6.2	3.73681e-08
6.205	2.12626e-08
6.21	2.26744e-08
6.215	1.29519e-08
6.22	7.70194e-09
6.225	3.27508e-08
6.23	2.67863e-08
6.235	1.49717e-08
6.24	8.76722e-09
6.245	5.32128e-09
6.25	3.34599e-08
6.255	2.74145e-08
6.26	1.53693e-08
6.265	9.02715e-09
6.27	3.92397e-08
6.275	2.24547e-08
6.28	2.39409e-08
6.285	1.37337e-08
6.29	3.73835e-08
6.295	2.1274e-08
6.3	2.26914e-08
6.305	1.29575e-08
6.31	7.70727e-09
6.315	3.27716e-08
6.32	2.67946e-08
6.325	1.49773e-08
6.33	8.77247e-09
6.335	3.81121e-08
6.34	2.17588e-08
6.345	2.31652e-08
6.35	1.32593e-08
6.355	3.60567e-08
6.36	2.0485e-08
6.365	3.69349e-08
6.37	2.09801e-08
6.375	2.25012e-08
6.38	1.28241e-08
6.385	7.61128e-09
6.39	3.23183e-08
6.395	2.63569e-08
6.4	1.47192e-08
6.405	8.61176e-09
6.41	5.2206e-09
6.415	3.28489e-08
6.42	2.68441e-08
6.425	1.50413e-08
6.43	8.82489e-09
6.435	3.83411e-08
6.44	2.19287e-08
6.445	2.3359e-08
6.45	1.33869e-08
6.455	3.64135e-08
6.46	2.07155e-08
6.465	2.20723e-08
6.47	1.25994e-08
6.475	7.48543e-09
6.48	3.18366e-08
6.485	2.59846e-08
6.49	1.45234e-08
6.495	8.50033e-09
6.5	5.15451e-09
6.505	3.24384e-08
6.51	2.65264e-08
6.515	1.48744e-08
6.52	8.73188e-09
6.525	5.30963e-09
6.53	3.33628e-08
6.535	2.73862e-08
6.54	1.53892e-08
6.545	9.05195e-09
6.55	3.93085e-08
6.555	2.25455e-08
6.56	2.40461e-08
6.565	1.38132e-08
6.57	3.75851e-08
6.575	2.14306e-08
6.58	2.28518e-08
6.585	1.30708e-08
6.59	3.55074e-08
6.595	2.01745e-08
6.6	3.63392e-08
6.605	2.06517e-08
6.61	2.2119e-08
6.615	1.26156e-08
6.62	7.48423e-09
6.625	3.17701e-08
6.63	2.5894e-08
6.635	1.4462e-08
6.64	8.45984e-09
6.645	5.12869e-09
6.65	3.22724e-08
6.655	2.63593e-08
6.66	1.47727e-08
6.665	8.66627e-09
6.67	5.26532e-09
6.675	3.31005e-08
6.68	2.71373e-08
6.685	1.52449e-08
6.69	8.96256e-09
6.695	3.8924e-08
6.7	2.23224e-08
6.705	2.37888e-08
6.71	1.36678e-08
6.715	3.71638e-08
6.72	2.11881e-08
6.725	2.25792e-08
6.73	1.29154e-08
6.735	7.68179e-09
6.74	3.26538e-08
6.745	2.66963e-08
6.75	1.4938e-08
6.755	8.75116e-09
6.76	5.31188e-09
6.765	3.34055e-08
6.77	2.73459e-08
6.775	1.53503e-08
6.78	9.01912e-09
6.785	3.91744e-08
6.79	2.24459e-08
6.795	2.39149e-08
6.8	1.37313e-08
6.805	3.73336e-08
6.81	2.12673e-08
6.815	2.26657e-08
6.82	1.29559e-08
6.825	7.70374e-09
6.83	3.2748e-08
6.835	2.67623e-08
6.84	1.49691e-08
6.845	8.76726e-09
6.85	5.3185e-09
6.855	3.34583e-08
6.86	2.73855e-08
6.865	1.53661e-08
6.87	9.02608e-09
6.875	3.92134e-08
6.88	2.24517e-08
6.885	2.39242e-08
6.89	1.37296e-08
6.895	3.73492e-08
6.9	2.12602e-08
6.905	2.2663e-08
6.91	1.2948e-08
6.915	7.69798e-09
6.92	3.27275e-08
6.925	2.67428e-08
6.93	1.49567e-08
6.935	8.75754e-09
6.94	5.31125e-09
6.945	3.34169e-08
6.95	2.73505e-08
6.955	1.53445e-08
6.96	9.01116e-09
6.965	3.9158e-08
6.97	2.24107e-08
6.975	2.38837e-08
6.98	1.37015e-08
6.985	3.72824e-08
6.99	2.12169e-08
6.995	2.26165e-08
7	1.29172e-08
7.005	7.67969e-09
7.01	3.26558e-08
7.015	2.66831e-08
7.02	1.49213e-08
7.025	8.73375e-09
7.03	5.29764e-09
7.035	3.33333e-08
7.04	2.7281e-08
7.045	1.53028e-08
7.05	8.98468e-09
7.055	3.90481e-08
7.06	2.23469e-08
7.065	2.38136e-08
7.07	1.36595e-08
7.075	3.71659e-08
7.08	2.11526e-08
7.085	2.25429e-08
7.09	1.28752e-08
7.095	7.65325e-09
7.1	3.25467e-08
7.105	2.65964e-08
7.11	1.48718e-08
7.115	8.7036e-09
7.12	5.27919e-09
7.125	3.32131e-08
7.13	2.71883e-08
7.135	1.52492e-08
7.14	8.9523e-09
7.145	3.89019e-08
7.15	2.22683e-08
7.155	2.37219e-08
7.16	1.36102e-08
7.165	3.70224e-08
7.17	2.10763e-08
7.175	2.24534e-08
7.18	1.28267e-08
7.185	7.62349e-09
7.19	3.24135e-08
7.195	2.64966e-08
7.2	1.48112e-08
7.205	8.66792e-09
7.21	5.25743e-09
7.215	3.30733e-08
7.22	2.70809e-08
7.225	1.51858e-08
7.23	8.9141e-09
7.235	3.87351e-08
7.24	2.21765e-08
7.245	2.36171e-08
7.25	1.35532e-08
7.255	3.68638e-08
7.26	2.0985e-08
7.265	2.23546e-08
7.27	1.277e-08
7.275	7.58947e-09
7.28	3.22643e-08
7.285	2.63816e-08
7.29	1.47429e-08
7.295	8.62968e-09
7.3	5.23308e-09
7.305	3.29176e-08
7.31	2.696e-08
7.315	1.51153e-08
7.32	8.87405e-09
7.325	3.85604e-08
7.33	2.20763e-08
7.335	2.35057e-08
7.34	1.34893e-08
7.345	3.66939e-08
7.35	2.08876e-08
7.355	2.22513e-08
7.36	1.27093e-08
7.365	7.55315e-09
7.37	3.21101e-08
7.375	2.62527e-08
7.38	1.46747e-08
7.385	8.58999e-09
7.39	5.20669e-09
7.395	3.27621e-08
7.4	2.68282e-08
7.405	1.50457e-08
7.41	8.83234e-09
7.415	3.83797e-08
7.42	2.19696e-08
7.425	2.33963e-08
7.43	1.34234e-08
7.435	3.65211e-08
7.44	2.07851e-08
7.445	2.21451e-08
7.45	1.26479e-08
7.455	7.51509e-09
7.46	3.19554e-08
7.465	2.61273e-08
7.47	1.46042e-08
7.475	8.5459e-09
7.48	5.18013e-09
7.485	3.26009e-08
7.49	2.67029e-08
7.495	1.49715e-08
7.5	8.78683e-09
7.505	5.34068e-09
7.51	3.35632e-08
7.515	2.75967e-08
7.52	1.55012e-08
7.525	9.1152e-09
7.53	3.9619e-08
7.535	2.27089e-08
7.54	2.42189e-08
7.545	1.39144e-08
7.55	3.78923e-08
7.555	2.15903e-08
7.56	2.30229e-08
7.565	1.31667e-08
7.57	3.57969e-08
7.575	2.03248e-08
7.58	3.66388e-08
7.585	2.08047e-08
7.59	2.22861e-08
7.595	1.27049e-08
7.6	7.53447e-09
7.605	3.19945e-08
7.61	2.61039e-08
7.615	1.4575e-08
7.62	8.51849e-09
7.625	5.15837e-09
7.63	3.24959e-08
7.635	2.65784e-08
7.64	1.48874e-08
7.645	8.72538e-09
7.65	5.29639e-09
7.655	3.33257e-08
7.66	2.73668e-08
7.665	1.53583e-08
7.67	9.02032e-09
7.675	3.92394e-08
7.68	2.24658e-08
7.685	2.3952e-08
7.69	1.37503e-08
7.695	3.74469e-08
7.7	2.13185e-08
7.705	2.27238e-08
7.71	1.29886e-08
7.715	3.53173e-08
7.72	2.00396e-08
7.725	3.61228e-08
7.73	2.04976e-08
7.735	2.19527e-08
7.74	1.25068e-08
7.745	7.412e-09
7.75	3.14934e-08
7.755	2.56864e-08
7.76	1.43396e-08
7.765	8.37203e-09
7.77	5.06673e-09
7.775	3.19527e-08
7.78	2.6131e-08
7.785	1.46305e-08
7.79	8.56776e-09
7.795	5.19705e-09
7.8	3.27383e-08
7.805	2.68844e-08
7.81	1.50824e-08
7.815	8.85101e-09
7.82	3.85331e-08
7.825	2.20487e-08
7.83	2.35077e-08
7.835	1.3491e-08
7.84	3.67549e-08
7.845	2.09129e-08
7.85	2.22914e-08
7.855	1.27373e-08
7.86	7.56587e-09
7.865	3.22162e-08
7.87	2.63631e-08
7.875	1.47435e-08
7.88	8.61897e-09
7.885	5.22156e-09
7.89	3.293e-08
7.895	2.69962e-08
7.9	1.51402e-08
7.905	8.87469e-09
7.91	3.86494e-08
7.915	2.21047e-08
7.92	2.35579e-08
7.925	1.35158e-08
7.93	3.68041e-08
7.935	2.0938e-08
7.94	2.23069e-08
7.945	1.2746e-08
7.95	7.56398e-09
7.955	3.22272e-08
7.96	2.63574e-08
7.965	1.4738e-08
7.97	8.61272e-09
7.975	5.21326e-09
7.98	3.29082e-08
7.985	2.69707e-08
7.99	1.5123e-08
7.995	8.86125e-09
8	3.85939e-08
8.005	2.20702e-08
8.01	2.35167e-08
8.015	1.34919e-08
8.02	3.67362e-08
8.025	2.08962e-08
8.03	2.22603e-08
8.035	1.27182e-08
8.04	7.54308e-09
8.045	3.21516e-08
8.05	2.62996e-08
8.055	1.46997e-08
8.06	8.58904e-09
8.065	5.19646e-09
8.07	3.282e-08
8.075	2.69024e-08
8.08	1.50803e-08
8.085	8.83486e-09
8.09	3.84814e-08
8.095	2.20072e-08
8.1	2.34476e-08
8.105	1.34523e-08
8.11	3.66261e-08
8.115	2.08349e-08
8.12	2.2194e-08
8.125	1.26803e-08
8.13	7.5188e-09
8.135	3.2053e-08
8.14	2.62196e-08
8.145	1.4654e-08
8.15	8.56239e-09
8.155	5.17705e-09
8.16	3.27261e-08
8.165	2.68187e-08
8.17	1.50343e-08
8.175	8.80675e-09
8.18	5.33905e-09
8.185	3.37162e-08
8.19	2.77326e-08
8.195	1.55741e-08
8.2	9.13777e-09
8.205	3.98125e-08
8.21	2.28035e-08
8.215	2.4327e-08
8.22	1.3973e-08
8.225	3.80834e-08
8.23	2.16905e-08
8.235	2.31303e-08
8.24	1.32286e-08
8.245	3.5987e-08
8.25	2.04285e-08
8.255	3.68537e-08
8.26	2.09184e-08
8.265	2.24074e-08
8.27	1.27746e-08
8.275	7.55909e-09
8.28	3.21885e-08
8.285	2.62756e-08
8.29	1.46694e-08
8.295	8.56295e-09
8.3	5.1736e-09
8.305	3.27207e-08
8.31	2.67791e-08
8.315	1.49932e-08
8.32	8.77588e-09
8.325	5.31384e-09
8.33	3.35759e-08
8.335	2.75907e-08
8.34	1.54731e-08
8.345	9.07508e-09
8.35	3.95557e-08
8.355	2.26261e-08
8.36	2.4145e-08
8.365	1.38496e-08
8.37	3.77632e-08
8.375	2.14766e-08
8.38	2.29191e-08
8.385	1.30866e-08
8.39	3.5635e-08
8.395	2.01973e-08
8.4	3.64665e-08
8.405	2.06703e-08
8.41	2.21654e-08
8.415	1.26166e-08
8.42	7.46719e-09
8.425	3.18015e-08
8.43	2.59696e-08
8.435	1.44794e-08
8.44	8.45113e-09
8.445	5.10609e-09
8.45	3.22949e-08
8.455	2.64455e-08
8.46	1.4789e-08
8.465	8.65722e-09
8.47	5.24251e-09
8.475	3.31207e-08
8.48	2.72305e-08
8.485	1.52566e-08
8.49	8.95032e-09
8.495	3.90196e-08
8.5	2.23082e-08
8.505	2.38219e-08
8.51	1.36556e-08
8.515	3.72468e-08
8.52	2.11717e-08
8.525	2.26127e-08
8.53	1.29032e-08
8.535	7.65871e-09
8.54	3.2668e-08
8.545	2.67756e-08
8.55	1.49511e-08
8.555	8.73992e-09
8.56	5.28902e-09
8.565	3.34297e-08
8.57	2.74434e-08
8.575	1.53681e-08
8.58	9.00836e-09
8.585	3.92797e-08
8.59	2.24439e-08
8.595	2.39721e-08
8.6	1.3729e-08
8.605	3.74453e-08
8.61	2.12774e-08
8.615	2.27311e-08
8.62	1.29623e-08
8.625	3.53063e-08
8.63	1.9997e-08
8.635	3.61153e-08
8.64	2.04589e-08
8.645	2.19625e-08
8.65	1.24879e-08
8.655	7.3881e-09
8.66	3.14841e-08
8.665	2.57137e-08
8.67	1.43282e-08
8.675	8.35651e-09
8.68	5.05045e-09
8.685	3.1958e-08
8.69	2.61712e-08
8.695	1.46282e-08
8.7	8.55707e-09
8.705	5.18387e-09
8.71	3.27607e-08
8.715	2.69348e-08
8.72	1.50857e-08
8.725	8.84363e-09
8.73	3.85813e-08
8.735	2.20455e-08
8.74	2.35682e-08
8.745	1.34944e-08
8.75	3.68314e-08
8.755	2.09271e-08
8.76	2.23736e-08
8.765	1.27546e-08
8.77	7.56911e-09
8.775	3.23077e-08
8.78	2.64854e-08
8.785	1.47833e-08
8.79	8.63768e-09
8.795	5.22746e-09
8.8	3.30537e-08
8.805	2.71458e-08
8.81	1.51951e-08
8.815	8.90287e-09
8.82	3.88406e-08
8.825	2.21861e-08
8.83	2.37164e-08
8.835	1.3574e-08
8.84	3.70422e-08
8.845	2.10403e-08
8.85	2.24914e-08
8.855	1.28181e-08
8.86	7.60373e-09
8.865	3.24702e-08
8.87	2.66094e-08
8.875	1.48498e-08
8.88	8.6727e-09
8.885	5.24667e-09
8.89	3.32e-08
8.895	2.72609e-08
8.9	1.52571e-08
8.905	8.93532e-09
8.91	3.90005e-08
8.915	2.22713e-08
8.92	2.38074e-08
8.925	1.36234e-08
8.93	3.71853e-08
8.935	2.11188e-08
8.94	2.25734e-08
8.945	1.28661e-08
8.95	7.62824e-09
8.955	3.25924e-08
8.96	2.67047e-08
8.965	1.4904e-08
8.97	8.70086e-09
8.975	5.26391e-09
8.98	3.33244e-08
8.985	2.73566e-08
8.99	1.53124e-08
8.995	8.96433e-09
9	3.91467e-08
9.005	2.23506e-08
9.01	2.3895e-08
9.015	1.36748e-08
9.02	3.73254e-08
9.025	2.11964e-08
9.03	2.26584e-08
9.035	1.29162e-08
9.04	7.65553e-09
9.045	3.272e-08
9.05	2.68089e-08
9.055	1.49637e-08
9.06	8.73404e-09
9.065	3.81409e-08
9.07	2.1722e-08
9.075	2.31895e-08
9.08	1.32489e-08
9.085	3.6132e-08
9.09	2.04835e-08
9.095	3.70474e-08
9.1	2.09942e-08
9.105	2.25668e-08
9.11	1.2844e-08
9.115	7.59464e-09
9.12	3.24195e-08
9.125	2.65113e-08
9.13	1.47818e-08
9.135	8.61959e-09
9.14	5.20657e-09
9.145	3.30117e-08
9.15	2.70637e-08
9.155	1.51358e-08
9.16	8.85034e-09
9.165	3.8661e-08
9.17	2.20503e-08
9.175	2.35576e-08
9.18	1.34775e-08
9.185	3.67772e-08
9.19	2.08714e-08
9.195	2.23004e-08
9.2	1.27106e-08
9.205	7.52342e-09
9.21	3.21723e-08
9.215	2.63509e-08
9.22	1.47012e-08
9.225	8.57595e-09
9.23	5.17987e-09
9.235	3.28573e-08
9.24	2.69664e-08
9.245	1.50891e-08
9.25	8.82699e-09
9.255	3.85645e-08
9.26	2.20133e-08
9.265	2.35278e-08
9.27	1.34678e-08
9.275	3.67478e-08
9.28	2.08672e-08
9.285	2.23044e-08
9.29	1.27172e-08
9.295	7.53043e-09
9.3	3.22093e-08
9.305	2.6393e-08
9.31	1.47311e-08
9.315	8.59522e-09
9.32	5.19122e-09
9.325	3.29395e-08
9.33	2.70375e-08
9.335	1.51377e-08
9.34	8.85757e-09
9.345	3.8694e-08
9.35	2.20987e-08
9.355	2.36205e-08
9.36	1.35253e-08
9.365	3.69033e-08
9.37	2.0967e-08
9.375	2.24113e-08
9.38	1.27824e-08
9.385	7.56976e-09
9.39	3.23764e-08
9.395	2.65396e-08
9.4	1.48166e-08
9.405	8.64582e-09
9.41	5.22042e-09
9.415	3.31372e-08
9.42	2.72078e-08
9.425	1.52367e-08
9.43	8.9149e-09
9.435	3.89423e-08
9.44	2.22511e-08
9.445	2.37837e-08
9.45	1.36232e-08
9.455	3.71651e-08
9.46	2.11233e-08
9.465	2.25782e-08
9.47	1.28813e-08
9.475	7.62698e-09
9.48	3.26248e-08
9.485	2.67485e-08
9.49	1.49365e-08
9.495	8.71584e-09
9.5	5.26158e-09
9.505	3.34041e-08
9.51	2.74355e-08
9.515	1.53674e-08
9.52	8.99092e-09
9.525	3.92759e-08
9.53	2.24438e-08
9.535	2.39947e-08
9.54	1.37436e-08
9.545	3.74982e-08
9.55	2.13149e-08
9.555	2.27878e-08
9.56	1.29997e-08
9.565	3.54234e-08
9.57	2.00709e-08
9.575	3.62679e-08
9.58	2.05537e-08
9.585	2.20838e-08
9.59	1.25638e-08
9.595	7.41962e-09
9.6	3.16969e-08
9.605	2.59149e-08
9.61	1.44483e-08
9.615	8.41834e-09
9.62	5.07479e-09
9.625	3.22475e-08
9.63	2.64407e-08
9.635	1.4787e-08
9.64	8.63998e-09
9.645	5.22049e-09
9.65	3.31334e-08
9.655	2.72748e-08
9.66	1.5284e-08
9.665	8.94915e-09
9.67	3.91161e-08
9.675	2.23518e-08
9.68	2.39206e-08
9.685	1.37003e-08
9.69	3.74274e-08
9.695	2.12691e-08
9.7	2.27605e-08
9.705	1.29809e-08
9.71	3.54086e-08
9.715	2.00595e-08
9.72	3.62818e-08
9.725	2.0556e-08
9.73	2.21027e-08
9.735	1.25719e-08
9.74	7.42953e-09
9.745	3.17418e-08
9.75	2.59638e-08
9.755	1.44819e-08
9.76	8.439e-09
9.765	5.08826e-09
9.77	3.23359e-08
9.775	2.65251e-08
9.78	1.48393e-08
9.785	8.67161e-09
9.79	5.24088e-09
9.795	3.32647e-08
9.8	2.73932e-08
9.805	1.53536e-08
9.81	8.99093e-09
9.815	3.93144e-08
9.82	2.2466e-08
9.825	2.40455e-08
9.83	1.37728e-08
9.835	3.76349e-08
9.84	2.13911e-08
9.845	2.28904e-08
9.85	1.30584e-08
9.855	3.56252e-08
9.86	2.01879e-08
9.865	3.65131e-08
9.87	2.06922e-08
9.875	2.22453e-08
9.88	1.26576e-08
9.885	7.48002e-09
9.89	3.1963e-08
9.895	2.61477e-08
9.9	1.45904e-08
9.905	8.50203e-09
9.91	5.12687e-09
9.915	3.25773e-08
9.92	2.67282e-08
9.925	1.49581e-08
9.93	8.74076e-09
9.935	5.28296e-09
9.94	3.35267e-08
9.945	2.76154e-08
9.95	1.54846e-08
9.955	9.06684e-09
9.96	3.9647e-08
9.965	2.26553e-08
9.97	2.42527e-08
9.975	1.38936e-08
9.98	3.79706e-08
9.985	2.15822e-08
9.99	2.30944e-08
9.995	1.31774e-08
10	3.59568e-08
