0.005	0
0.01	0.346123
0.015	0.107727
0.02	0.0666216
0.025	0.0415601
0.03	0.0291031
0.035	0.021288
0.04	0.0157016
0.045	0.0121035
0.05	0.00948703
0.055	0.00758656
0.06	0.00643829
0.065	0.00525817
0.07	0.004521
0.075	0.00371465
0.08	0.00316451
0.085	0.00262257
0.09	0.00221911
0.095	0.00188032
0.1	0.00156434
0.105	0.00133139
0.11	0.00110524
0.115	0.000942342
0.12	0.000783637
0.125	0.000667454
0.13	0.000556492
0.135	0.000470512
0.14	0.000397333
0.145	0.000331859
0.15	0.000282057
0.155	0.00023844
0.16	0.000200109
0.165	0.000169378
0.17	0.000142008
0.175	0.000122721
0.18	0.000102914
0.185	8.68086e-05
0.19	7.37434e-05
0.195	6.22671e-05
0.2	5.36894e-05
0.205	4.64038e-05
0.21	3.98968e-05
0.215	3.33097e-05
0.22	2.86186e-05
0.225	2.43497e-05
0.23	2.23298e-05
0.235	1.97833e-05
0.24	1.74924e-05
0.245	1.51993e-05
0.25	1.25137e-05
0.255	1.07609e-05
0.26	9.49326e-06
0.265	9.26486e-06
0.27	8.74776e-06
0.275	8.1947e-06
0.28	7.46745e-06
0.285	6.94954e-06
0.29	6.433e-06
0.295	6.09253e-06
0.3	5.68143e-06
0.305	4.59039e-06
0.31	4.11588e-06
0.315	3.76815e-06
0.32	3.42484e-06
0.325	3.21684e-06
0.33	3.06579e-06
0.335	2.86716e-06
0.34	2.70733e-06
0.345	2.58082e-06
0.35	2.41399e-06
0.355	2.23205e-06
0.36	2.32387e-06
0.365	2.07348e-06
0.37	1.95562e-06
0.375	1.77337e-06
0.38	1.61718e-06
0.385	1.58908e-06
0.39	1.51801e-06
0.395	1.42069e-06
0.4	1.31966e-06
0.405	1.22047e-06
0.41	1.13342e-06
0.415	1.16549e-06
0.42	1.15662e-06
0.425	9.87948e-07
0.43	9.68477e-07
0.435	1.06767e-06
0.44	7.90894e-07
0.445	7.56903e-07
0.45	1.13189e-06
0.455	6.352e-07
0.46	6.98342e-07
0.465	6.20659e-07
0.47	6.38529e-07
0.475	6.15071e-07
0.48	5.27714e-07
0.485	5.15902e-07
0.49	5.34184e-07
0.495	4.66759e-07
0.5	4.2898e-07
0.505	4.56523e-07
0.51	3.82766e-07
0.515	3.89072e-07
0.52	4.04062e-07
0.525	3.32621e-07
0.53	3.41716e-07
0.535	3.16609e-07
0.54	3.1213e-07
0.545	2.88935e-07
0.55	2.78009e-07
0.555	2.60082e-07
0.56	3.02743e-07
0.565	2.67025e-07
0.57	2.10581e-07
0.575	2.50944e-07
0.58	2.17955e-07
0.585	2.69243e-07
0.59	2.33341e-07
0.595	1.72903e-07
0.6	2.22276e-07
0.605	1.88743e-07
0.61	2.48311e-07
0.615	2.14839e-07
0.62	1.47301e-07
0.625	2.06295e-07
0.63	1.69866e-07
0.635	2.34496e-07
0.64	1.9966e-07
0.645	1.26735e-07
0.65	1.92352e-07
0.655	1.52823e-07
0.66	1.46875e-07
0.665	1.46496e-07
0.67	1.38804e-07
0.675	2.04142e-07
0.68	1.61427e-07
0.685	9.51523e-08
0.69	1.58444e-07
0.695	1.9461e-07
0.7	1.08701e-07
0.705	1.606e-07
0.71	1.83601e-07
0.715	1.01694e-07
0.72	2.21799e-07
0.725	1.21204e-07
0.73	1.57449e-07
0.735	8.82894e-08
0.74	1.7638e-07
0.745	9.91319e-08
0.75	1.86871e-07
0.755	1.03773e-07
0.76	1.96672e-07
0.765	1.77036e-07
0.77	9.61647e-08
0.775	5.70879e-08
0.78	3.71327e-08
0.785	2.09097e-07
0.79	1.84426e-07
0.795	1.00892e-07
0.8	5.94579e-08
0.805	1.84415e-07
0.81	1.03945e-07
0.815	1.93059e-07
0.82	1.73616e-07
0.825	9.48883e-08
0.83	5.55919e-08
0.835	1.76587e-07
0.84	1.64024e-07
0.845	8.97449e-08
0.85	5.23977e-08
0.855	1.72544e-07
0.86	1.65501e-07
0.865	9.02796e-08
0.87	5.22707e-08
0.875	1.78132e-07
0.88	1.73025e-07
0.885	9.41172e-08
0.89	1.98938e-07
0.895	1.08304e-07
0.9	1.4033e-07
0.905	7.75441e-08
0.91	1.61981e-07
0.915	1.61868e-07
0.92	8.72247e-08
0.925	1.89979e-07
0.93	1.02917e-07
0.935	1.35439e-07
0.94	7.45447e-08
0.945	1.56742e-07
0.95	1.56257e-07
0.955	8.39193e-08
0.96	4.75378e-08
0.965	1.70689e-07
0.97	1.66171e-07
0.975	8.96283e-08
0.98	1.90095e-07
0.985	1.02995e-07
0.99	1.32017e-07
0.995	7.27008e-08
1	1.50085e-07
1.005	8.30148e-08
1.01	1.67164e-07
1.015	1.59213e-07
1.02	8.56207e-08
1.025	4.8514e-08
1.03	1.69307e-07
1.035	1.60937e-07
1.04	8.6795e-08
1.045	4.92793e-08
1.05	1.712e-07
1.055	1.62133e-07
1.06	8.74185e-08
1.065	4.96075e-08
1.07	1.72155e-07
1.075	1.62362e-07
1.08	8.74773e-08
1.085	4.9593e-08
1.09	1.72172e-07
1.095	1.61863e-07
1.1	8.7121e-08
1.105	4.93244e-08
1.11	1.71387e-07
1.115	1.60529e-07
1.12	8.63559e-08
1.125	4.87935e-08
1.13	1.69697e-07
1.135	1.58341e-07
1.14	8.51566e-08
1.145	4.81071e-08
1.15	2.35646e-07
1.155	1.29316e-07
1.16	1.53857e-07
1.165	8.49311e-08
1.17	1.6633e-07
1.175	9.20248e-08
1.18	1.78143e-07
1.185	1.60361e-07
1.19	8.59509e-08
1.195	4.8535e-08
1.2	2.85055e-08
1.205	1.9884e-07
1.21	1.76947e-07
1.215	9.57604e-08
1.22	5.45032e-08
1.225	1.80932e-07
1.23	1.01096e-07
1.235	1.91567e-07
1.24	1.68768e-07
1.245	9.09075e-08
1.25	5.15102e-08
1.255	3.02988e-08
1.26	2.0711e-07
1.265	1.8087e-07
1.27	9.82617e-08
1.275	5.60056e-08
1.28	2.59909e-07
1.285	1.43735e-07
1.29	1.63564e-07
1.295	9.08061e-08
1.3	1.71249e-07
1.305	9.51385e-08
1.31	1.78478e-07
1.315	9.92994e-08
1.32	1.86009e-07
1.325	1.0355e-07
1.33	1.9382e-07
1.335	1.07887e-07
1.34	2.01729e-07
1.345	1.7392e-07
1.35	9.33332e-08
1.355	5.26429e-08
1.36	3.08029e-08
1.365	2.10598e-07
1.37	1.81918e-07
1.375	9.83464e-08
1.38	5.57195e-08
1.385	2.59899e-07
1.39	1.431e-07
1.395	1.62719e-07
1.4	8.98947e-08
1.405	1.69968e-07
1.41	9.39732e-08
1.415	1.76817e-07
1.42	9.79684e-08
1.425	1.84107e-07
1.43	1.02101e-07
1.435	1.91672e-07
1.44	1.06309e-07
1.445	1.99287e-07
1.45	1.10573e-07
1.455	2.06935e-07
1.46	1.77341e-07
1.465	9.49526e-08
1.47	5.32141e-08
1.475	3.091e-08
1.48	2.14284e-07
1.485	1.83745e-07
1.49	9.91591e-08
1.495	5.59637e-08
1.5	2.61451e-07
1.505	1.4381e-07
1.51	1.62307e-07
1.515	8.95918e-08
1.52	2.56575e-07
1.525	1.406e-07
1.53	1.58099e-07
1.535	8.70579e-08
1.54	2.48664e-07
1.545	1.35984e-07
1.55	1.52632e-07
1.555	8.39276e-08
1.56	4.79737e-08
1.565	2.17963e-07
1.57	1.85324e-07
1.575	1.00073e-07
1.58	5.65432e-08
1.585	2.61587e-07
1.59	1.44066e-07
1.595	1.61039e-07
1.6	8.90278e-08
1.605	2.5285e-07
1.61	1.38714e-07
1.615	1.5482e-07
1.62	8.53173e-08
1.625	2.42003e-07
1.63	1.32444e-07
1.635	2.49113e-07
1.64	1.36483e-07
1.645	1.52394e-07
1.65	8.37794e-08
1.655	4.78299e-08
1.66	2.16405e-07
1.665	1.82454e-07
1.67	9.85457e-08
1.675	5.56573e-08
1.68	3.24855e-08
1.685	2.21247e-07
1.69	1.87402e-07
1.695	1.01666e-07
1.7	5.75933e-08
1.705	2.65076e-07
1.71	1.46508e-07
1.715	1.629e-07
1.72	9.02493e-08
1.725	2.5544e-07
1.73	1.40444e-07
1.735	1.55975e-07
1.74	8.60394e-08
1.745	2.43313e-07
1.75	1.33302e-07
1.755	2.49921e-07
1.76	1.37001e-07
1.765	1.52417e-07
1.77	8.37997e-08
1.775	4.78128e-08
1.78	2.16055e-07
1.785	1.81477e-07
1.79	9.79465e-08
1.795	5.53007e-08
1.8	3.2186e-08
1.805	2.19606e-07
1.81	1.85421e-07
1.815	1.00441e-07
1.82	5.68356e-08
1.825	2.61591e-07
1.83	1.44322e-07
1.835	1.60255e-07
1.84	8.85873e-08
1.845	2.50694e-07
1.85	1.37563e-07
1.855	1.52601e-07
1.86	8.40016e-08
1.865	4.80239e-08
1.87	2.16854e-07
1.875	1.82464e-07
1.88	9.85415e-08
1.885	5.56044e-08
1.89	3.23875e-08
1.895	2.20966e-07
1.9	1.86707e-07
1.905	1.01136e-07
1.91	5.72404e-08
1.915	2.63486e-07
1.92	1.45304e-07
1.925	1.61513e-07
1.93	8.92141e-08
1.935	2.52612e-07
1.94	1.38518e-07
1.945	1.53811e-07
1.95	8.4587e-08
1.955	2.39177e-07
1.96	1.30708e-07
1.965	2.45039e-07
1.97	1.33981e-07
1.975	1.49028e-07
1.98	8.16867e-08
1.985	4.65457e-08
1.99	2.10466e-07
1.995	1.76417e-07
2	9.49996e-08
2.005	5.34978e-08
2.01	3.11387e-08
2.015	2.12502e-07
2.02	1.79156e-07
2.025	9.67661e-08
2.03	5.46725e-08
2.035	3.19006e-08
2.04	2.17384e-07
2.045	1.83937e-07
2.05	9.9622e-08
2.055	5.64132e-08
2.06	3.30026e-08
2.065	2.24451e-07
2.07	1.90357e-07
2.075	1.03308e-07
2.08	5.85822e-08
2.085	2.69496e-07
2.09	1.48982e-07
2.095	1.65512e-07
2.1	9.16564e-08
2.105	2.59386e-07
2.11	1.42496e-07
2.115	1.58069e-07
2.12	8.71123e-08
2.125	2.46011e-07
2.13	1.34639e-07
2.135	2.52214e-07
2.14	1.38096e-07
2.145	1.53418e-07
2.15	8.41991e-08
2.155	4.79879e-08
2.16	2.16777e-07
2.165	1.81569e-07
2.17	9.78798e-08
2.175	5.51447e-08
2.18	3.21202e-08
2.185	2.18939e-07
2.19	1.84317e-07
2.195	9.96872e-08
2.2	5.63439e-08
2.205	3.29071e-08
2.21	2.23878e-07
2.215	1.89155e-07
2.22	1.02546e-07
2.225	5.81169e-08
2.23	2.67097e-07
2.235	1.47483e-07
2.24	1.63565e-07
2.245	9.04898e-08
2.25	2.55805e-07
2.255	1.40422e-07
2.26	1.55509e-07
2.265	8.56508e-08
2.27	4.90047e-08
2.275	2.20908e-07
2.28	1.85485e-07
2.285	1.00226e-07
2.29	5.66006e-08
2.295	3.29936e-08
2.3	2.24592e-07
2.305	1.89214e-07
2.31	1.02589e-07
2.315	5.81182e-08
2.32	2.66773e-07
2.325	1.47319e-07
2.33	1.63188e-07
2.335	9.02907e-08
2.34	2.54856e-07
2.345	1.3995e-07
2.35	1.54799e-07
2.355	8.52859e-08
2.36	4.87777e-08
2.365	2.19797e-07
2.37	1.84316e-07
2.375	9.96397e-08
2.38	5.62594e-08
2.385	3.2768e-08
2.39	2.23136e-07
2.395	1.8778e-07
2.4	1.01862e-07
2.405	5.76964e-08
2.41	2.64684e-07
2.415	1.46182e-07
2.42	1.61821e-07
2.425	8.95554e-08
2.43	2.5263e-07
2.435	1.38768e-07
2.44	1.53381e-07
2.445	8.45203e-08
2.45	4.8333e-08
2.455	2.17786e-07
2.46	1.82562e-07
2.465	9.87003e-08
2.47	5.57073e-08
2.475	3.24389e-08
2.48	2.20987e-07
2.485	1.8589e-07
2.49	1.0084e-07
2.495	5.70847e-08
2.5	3.33506e-08
2.505	2.26687e-07
2.51	1.91411e-07
2.515	1.04034e-07
2.52	5.90055e-08
2.525	2.70788e-07
2.53	1.4978e-07
2.535	1.65961e-07
2.54	9.19612e-08
2.545	2.59603e-07
2.55	1.42762e-07
2.555	1.57938e-07
2.56	8.71197e-08
2.565	2.4546e-07
2.57	1.345e-07
2.575	2.5141e-07
2.58	1.37846e-07
2.585	1.52675e-07
2.59	8.39071e-08
2.595	4.78656e-08
2.6	2.15871e-07
2.605	1.80356e-07
2.61	9.73866e-08
2.615	5.49278e-08
2.62	3.19725e-08
2.625	2.177e-07
2.63	1.82825e-07
2.635	9.90875e-08
2.64	5.60414e-08
2.645	3.26945e-08
2.65	2.22383e-07
2.655	1.87459e-07
2.66	1.01832e-07
2.665	5.77395e-08
2.67	2.64853e-07
2.675	1.46405e-07
2.68	1.62123e-07
2.685	8.97514e-08
2.69	2.53336e-07
2.695	1.39252e-07
2.7	1.53938e-07
2.705	8.48461e-08
2.71	4.85771e-08
2.715	2.18757e-07
2.72	1.83477e-07
2.725	9.92373e-08
2.73	5.60427e-08
2.735	3.26445e-08
2.74	2.22268e-07
2.745	1.87084e-07
2.75	1.01508e-07
2.755	5.74928e-08
2.76	3.35934e-08
2.765	2.28231e-07
2.77	1.92835e-07
2.775	1.04819e-07
2.78	5.94599e-08
2.785	2.72835e-07
2.79	1.50966e-07
2.795	1.67291e-07
2.8	9.26902e-08
2.805	2.61719e-07
2.81	1.43957e-07
2.815	1.59257e-07
2.82	8.7832e-08
2.825	2.47557e-07
2.83	1.35637e-07
2.835	2.5357e-07
2.84	1.39005e-07
2.845	1.54012e-07
2.85	8.4611e-08
2.855	4.82409e-08
2.86	2.17605e-07
2.865	1.81932e-07
2.87	9.81786e-08
2.875	5.53545e-08
2.88	3.22305e-08
2.885	2.19391e-07
2.89	1.8444e-07
2.895	9.98612e-08
2.9	5.64619e-08
2.905	3.29527e-08
2.91	2.24068e-07
2.915	1.891e-07
2.92	1.02619e-07
2.925	5.81633e-08
2.93	2.66853e-07
2.935	1.47494e-07
2.94	1.63341e-07
2.945	9.0438e-08
2.95	2.55307e-07
2.955	1.40261e-07
2.96	1.55109e-07
2.965	8.54814e-08
2.97	4.88889e-08
2.975	2.20273e-07
2.98	1.84953e-07
2.985	9.99087e-08
2.99	5.63972e-08
2.995	3.28649e-08
3	2.23698e-07
3.005	1.88491e-07
3.01	1.02141e-07
3.015	5.78435e-08
3.02	2.65412e-07
3.025	1.46586e-07
3.03	1.62251e-07
3.035	8.97775e-08
3.04	2.53371e-07
3.045	1.39087e-07
3.05	1.53811e-07
3.055	8.46972e-08
3.06	4.84192e-08
3.065	2.18129e-07
3.07	1.83102e-07
3.075	9.88295e-08
3.08	5.5784e-08
3.085	3.24917e-08
3.09	2.21176e-07
3.095	1.86295e-07
3.1	1.00897e-07
3.105	5.7144e-08
3.11	3.34015e-08
3.115	2.26714e-07
3.12	1.91662e-07
3.125	1.04027e-07
3.13	5.90505e-08
3.135	2.70768e-07
3.14	1.4979e-07
3.145	1.65953e-07
3.15	9.19534e-08
3.155	2.59574e-07
3.16	1.42668e-07
3.165	1.57944e-07
3.17	8.70398e-08
3.175	2.45333e-07
3.18	1.34295e-07
3.185	2.51189e-07
3.19	1.37592e-07
3.195	1.52617e-07
3.2	8.37431e-08
3.205	4.77752e-08
3.21	2.15359e-07
3.215	1.8015e-07
3.22	9.70947e-08
3.225	5.47806e-08
3.23	3.18946e-08
3.235	2.17006e-07
3.24	1.82509e-07
3.245	9.87224e-08
3.25	5.58671e-08
3.255	3.26051e-08
3.26	2.2153e-07
3.265	1.86998e-07
3.27	1.01425e-07
3.275	5.75328e-08
3.28	2.63885e-07
3.285	1.45812e-07
3.29	1.61588e-07
3.295	8.93814e-08
3.3	2.52391e-07
3.305	1.38557e-07
3.31	1.53419e-07
3.315	8.4451e-08
3.32	4.83416e-08
3.325	2.17711e-07
3.33	1.82727e-07
3.335	9.87207e-08
3.34	5.57482e-08
3.345	3.24903e-08
3.35	2.2113e-07
3.355	1.86259e-07
3.36	1.00957e-07
3.365	5.71748e-08
3.37	3.3425e-08
3.375	2.27011e-07
3.38	1.91932e-07
3.385	1.04233e-07
3.39	5.91237e-08
3.395	2.71413e-07
3.4	1.50027e-07
3.405	1.66473e-07
3.41	9.21214e-08
3.415	2.60332e-07
3.42	1.43031e-07
3.425	1.5849e-07
3.43	8.72888e-08
3.435	2.46185e-07
3.44	1.34741e-07
3.445	2.52174e-07
3.45	1.38089e-07
3.455	1.53249e-07
3.46	8.40895e-08
3.465	4.79571e-08
3.47	2.16439e-07
3.475	1.80954e-07
3.48	9.76235e-08
3.485	5.49948e-08
3.49	3.20154e-08
3.495	2.18273e-07
3.5	1.83515e-07
3.505	9.93097e-08
3.51	5.6108e-08
3.515	3.27506e-08
3.52	2.22965e-07
3.525	1.88195e-07
3.53	1.02074e-07
3.535	5.78133e-08
3.54	2.65685e-07
3.545	1.46672e-07
3.55	1.62698e-07
3.555	8.9956e-08
3.56	2.54192e-07
3.565	1.39512e-07
3.57	1.54513e-07
3.575	8.50687e-08
3.58	4.86516e-08
3.585	2.19428e-07
3.59	1.84235e-07
3.595	9.95082e-08
3.6	5.61301e-08
3.605	3.27051e-08
3.61	2.22986e-07
3.615	1.87906e-07
3.62	1.01811e-07
3.625	5.76088e-08
3.63	2.64776e-07
3.635	1.46065e-07
3.64	1.61939e-07
3.645	8.95058e-08
3.65	2.52875e-07
3.655	1.38699e-07
3.66	1.53561e-07
3.665	8.45029e-08
3.67	4.83068e-08
3.675	2.17887e-07
3.68	1.8293e-07
3.685	9.87381e-08
3.69	5.56841e-08
3.695	3.24305e-08
3.7	2.21156e-07
3.705	1.86365e-07
3.71	1.00926e-07
3.715	5.70921e-08
3.72	3.33647e-08
3.725	2.26977e-07
3.73	1.91976e-07
3.735	1.04185e-07
3.74	5.90585e-08
3.745	2.71403e-07
3.75	1.50002e-07
3.755	1.66368e-07
3.76	9.21379e-08
3.765	2.60414e-07
3.77	1.43054e-07
3.775	1.58426e-07
3.78	8.73295e-08
3.785	2.46372e-07
3.79	1.3482e-07
3.795	2.5243e-07
3.8	1.3822e-07
3.805	1.533e-07
3.81	8.41875e-08
3.815	4.79938e-08
3.82	2.16614e-07
3.825	1.81291e-07
3.83	9.77673e-08
3.835	5.50996e-08
3.84	3.20732e-08
3.845	2.18632e-07
3.85	1.83978e-07
3.855	9.95555e-08
3.86	5.62854e-08
3.865	3.28408e-08
3.87	2.23568e-07
3.875	1.88836e-07
3.88	1.02435e-07
3.885	5.80602e-08
3.89	2.66768e-07
3.895	1.47362e-07
3.9	1.63295e-07
3.905	9.04237e-08
3.91	2.55397e-07
3.915	1.40269e-07
3.92	1.55202e-07
3.925	8.55627e-08
3.93	4.89377e-08
3.935	2.20633e-07
3.94	1.8525e-07
3.945	1.00163e-07
3.95	5.65584e-08
3.955	3.29474e-08
3.96	2.24515e-07
3.965	1.89194e-07
3.97	1.02623e-07
3.975	5.8125e-08
3.98	2.66974e-07
3.985	1.4742e-07
3.99	1.63273e-07
3.995	9.03852e-08
4	2.55138e-07
4.005	1.40093e-07
4.01	1.5496e-07
4.015	8.53951e-08
4.02	4.88401e-08
4.025	2.20148e-07
4.03	1.84717e-07
4.035	9.98855e-08
4.04	5.6389e-08
4.045	3.28321e-08
4.05	2.23819e-07
4.055	1.88478e-07
4.06	1.02267e-07
4.065	5.79079e-08
4.07	2.6588e-07
4.075	1.46834e-07
4.08	1.62587e-07
4.085	9.00016e-08
4.09	2.53971e-07
4.095	1.39504e-07
4.1	1.54271e-07
4.105	8.50158e-08
4.11	4.86141e-08
4.115	2.1915e-07
4.12	1.83786e-07
4.125	9.94299e-08
4.13	5.61259e-08
4.135	3.2664e-08
4.14	2.22762e-07
4.145	1.87501e-07
4.15	1.01791e-07
4.155	5.76377e-08
4.16	2.64541e-07
4.165	1.4615e-07
4.17	1.61793e-07
4.175	8.9568e-08
4.18	2.5267e-07
4.185	1.38839e-07
4.19	1.53487e-07
4.195	8.46107e-08
4.2	4.83766e-08
4.205	2.18048e-07
4.21	1.82857e-07
4.215	9.89495e-08
4.22	5.58587e-08
4.225	3.25043e-08
4.23	2.21674e-07
4.235	1.86566e-07
4.24	1.01305e-07
4.245	5.73708e-08
4.25	2.63215e-07
4.255	1.45489e-07
4.26	1.61006e-07
4.265	8.91689e-08
4.27	2.51433e-07
4.275	1.38214e-07
4.28	1.52759e-07
4.285	8.42389e-08
4.29	4.8164e-08
4.295	2.1707e-07
4.3	1.8205e-07
4.305	9.85169e-08
4.31	5.56201e-08
4.315	3.23674e-08
4.32	2.20712e-07
4.325	1.85751e-07
4.33	1.0089e-07
4.335	5.71359e-08
4.34	3.33539e-08
4.345	2.2695e-07
4.35	1.91696e-07
4.355	1.04363e-07
4.36	5.92023e-08
4.365	2.71563e-07
4.37	1.50429e-07
4.375	1.66632e-07
4.38	9.24712e-08
4.385	2.60782e-07
4.39	1.43645e-07
4.395	1.58837e-07
4.4	8.77515e-08
4.405	2.47008e-07
4.41	1.3556e-07
4.415	2.53305e-07
4.42	1.39116e-07
4.425	1.54009e-07
4.43	8.47615e-08
4.435	4.83383e-08
4.44	2.18039e-07
4.445	1.82436e-07
4.45	9.8564e-08
4.455	5.56211e-08
4.46	3.2366e-08
4.465	2.20524e-07
4.47	1.85464e-07
4.475	1.00614e-07
4.48	5.6921e-08
4.485	3.32011e-08
4.49	2.26014e-07
4.495	1.90742e-07
4.5	1.0375e-07
4.505	5.88307e-08
4.51	2.6979e-07
4.515	1.49395e-07
4.52	1.65392e-07
4.525	9.1739e-08
4.53	2.58692e-07
4.535	1.42439e-07
4.54	1.57432e-07
4.545	8.69412e-08
4.55	2.4471e-07
4.555	1.34251e-07
4.56	2.50787e-07
4.565	1.37687e-07
4.57	1.52387e-07
4.575	8.38364e-08
4.58	4.78063e-08
4.585	2.15577e-07
4.59	1.80366e-07
4.595	9.74033e-08
4.6	5.49782e-08
4.605	3.19842e-08
4.61	2.17892e-07
4.615	1.83238e-07
4.62	9.9334e-08
4.625	5.62183e-08
4.63	3.27954e-08
4.635	2.23129e-07
4.64	1.88332e-07
4.645	1.0237e-07
4.65	5.80705e-08
4.655	2.66197e-07
4.66	1.47429e-07
4.665	1.63173e-07
4.67	9.05051e-08
4.675	2.55217e-07
4.68	1.4048e-07
4.685	1.55292e-07
4.69	8.57384e-08
4.695	4.9071e-08
4.7	2.20982e-07
4.705	1.85653e-07
4.71	1.00464e-07
4.715	5.68011e-08
4.72	3.31e-08
4.725	2.25307e-07
4.73	1.89897e-07
4.735	1.03123e-07
4.74	5.84787e-08
4.745	2.68033e-07
4.75	1.48345e-07
4.755	1.64148e-07
4.76	9.10071e-08
4.765	2.56617e-07
4.77	1.41154e-07
4.775	1.56034e-07
4.78	8.61088e-08
4.785	4.92768e-08
4.79	2.21883e-07
4.795	1.86354e-07
4.8	1.00803e-07
4.805	5.69804e-08
4.81	3.32134e-08
4.815	2.25984e-07
4.82	1.9047e-07
4.825	1.03383e-07
4.83	5.86243e-08
4.835	2.68773e-07
4.84	1.4867e-07
4.845	1.6454e-07
4.85	9.11995e-08
4.855	2.57207e-07
4.86	1.41415e-07
4.865	1.56363e-07
4.87	8.62584e-08
4.875	4.93701e-08
4.88	2.22268e-07
4.885	1.86681e-07
4.89	1.00959e-07
4.895	5.70588e-08
4.9	3.32702e-08
4.905	2.26309e-07
4.91	1.90764e-07
4.915	1.03526e-07
4.92	5.86946e-08
4.925	2.69155e-07
4.93	1.48823e-07
4.935	1.64769e-07
4.94	9.12947e-08
4.945	2.5755e-07
4.95	1.41566e-07
4.955	1.56571e-07
4.96	8.63502e-08
4.965	4.94286e-08
4.97	2.22505e-07
4.975	1.86874e-07
4.98	1.01066e-07
4.985	5.71138e-08
4.99	2.62077e-07
4.995	1.44454e-07
5	1.59734e-07
5.005	8.82869e-08
5.01	2.48892e-07
5.015	1.36515e-07
5.02	2.5548e-07
5.025	1.40154e-07
5.03	1.55476e-07
5.035	8.55028e-08
5.04	4.88123e-08
5.045	2.19962e-07
5.05	1.84163e-07
5.055	9.94476e-08
5.06	5.61334e-08
5.065	3.2727e-08
5.07	2.22573e-07
5.075	1.87354e-07
5.08	1.0151e-07
5.085	5.74842e-08
5.09	2.638e-07
5.095	1.45617e-07
5.1	1.61224e-07
5.105	8.91874e-08
5.11	2.51659e-07
5.115	1.38153e-07
5.12	1.52827e-07
5.125	8.41597e-08
5.13	4.81439e-08
5.135	2.16822e-07
5.14	1.81943e-07
5.145	9.82939e-08
5.15	5.54984e-08
5.155	3.23807e-08
5.16	2.20198e-07
5.165	1.85528e-07
5.17	1.0057e-07
5.175	5.69884e-08
5.18	3.33531e-08
5.185	2.26268e-07
5.19	1.91409e-07
5.195	1.03969e-07
5.2	5.90542e-08
5.205	2.70926e-07
5.21	1.4986e-07
5.215	1.66298e-07
5.22	9.21308e-08
5.225	2.60311e-07
5.23	1.43116e-07
5.235	1.58618e-07
5.24	8.74513e-08
5.245	2.46647e-07
5.25	1.35072e-07
5.255	2.52888e-07
5.26	1.38578e-07
5.265	1.5387e-07
5.27	8.44958e-08
5.275	4.82515e-08
5.28	2.17603e-07
5.285	1.82157e-07
5.29	9.82871e-08
5.295	5.54654e-08
5.3	3.23585e-08
5.305	2.20059e-07
5.31	1.8528e-07
5.315	1.00308e-07
5.32	5.67986e-08
5.325	3.32117e-08
5.33	2.25533e-07
5.335	1.90666e-07
5.34	1.03462e-07
5.345	5.8751e-08
5.35	2.69576e-07
5.355	1.49014e-07
5.36	1.65399e-07
5.365	9.15536e-08
5.37	2.58754e-07
5.375	1.42113e-07
5.38	1.57594e-07
5.385	8.68023e-08
5.39	2.44921e-07
5.395	1.3403e-07
5.4	2.50998e-07
5.405	1.37465e-07
5.41	1.52688e-07
5.415	8.37825e-08
5.42	4.78531e-08
5.425	2.15772e-07
5.43	1.80693e-07
5.435	9.74269e-08
5.44	5.49789e-08
5.445	3.20597e-08
5.45	2.18097e-07
5.455	1.83628e-07
5.46	9.93968e-08
5.465	5.627e-08
5.47	3.28944e-08
5.475	2.2343e-07
5.48	1.8884e-07
5.485	1.025e-07
5.49	5.81769e-08
5.495	2.66896e-07
5.5	1.47626e-07
5.505	1.63742e-07
5.51	9.06802e-08
5.515	2.56103e-07
5.52	1.40778e-07
5.525	1.55992e-07
5.53	8.59583e-08
5.535	4.92544e-08
5.54	2.21759e-07
5.545	1.86531e-07
5.55	1.00798e-07
5.555	5.69896e-08
5.56	3.32699e-08
5.565	2.26185e-07
5.57	1.90843e-07
5.575	1.03533e-07
5.58	5.87182e-08
5.585	2.69323e-07
5.59	1.48946e-07
5.595	1.65076e-07
5.6	9.14167e-08
5.605	2.58005e-07
5.61	1.4182e-07
5.615	1.57019e-07
5.62	8.65379e-08
5.625	2.43897e-07
5.63	1.33538e-07
5.635	2.49789e-07
5.64	1.36894e-07
5.645	1.5183e-07
5.65	8.3352e-08
5.655	4.75739e-08
5.66	2.14456e-07
5.665	1.79483e-07
5.67	9.67982e-08
5.675	5.4624e-08
5.68	3.18194e-08
5.685	2.16615e-07
5.69	1.82215e-07
5.695	9.86792e-08
5.7	5.58427e-08
5.705	3.2616e-08
5.71	2.21782e-07
5.715	1.87287e-07
5.72	1.01696e-07
5.725	5.76943e-08
5.73	2.64742e-07
5.735	1.46452e-07
5.74	1.62362e-07
5.745	8.99278e-08
5.75	2.53901e-07
5.755	1.39579e-07
5.76	1.54546e-07
5.765	8.52111e-08
5.77	4.88088e-08
5.775	2.19839e-07
5.78	1.84728e-07
5.785	9.98933e-08
5.79	5.64583e-08
5.795	3.29233e-08
5.8	2.24167e-07
5.805	1.89045e-07
5.81	1.02566e-07
5.815	5.8141e-08
5.82	2.66917e-07
5.825	1.47495e-07
5.83	1.63548e-07
5.835	9.05202e-08
5.84	2.55612e-07
5.845	1.40426e-07
5.85	1.55518e-07
5.855	8.56844e-08
5.86	4.90517e-08
5.865	2.21074e-07
5.87	1.8569e-07
5.875	1.00374e-07
5.88	5.66999e-08
5.885	3.30484e-08
5.89	2.25204e-07
5.895	1.8988e-07
5.9	1.02971e-07
5.905	5.83457e-08
5.91	2.68007e-07
5.915	1.48017e-07
5.92	1.64182e-07
5.925	9.08229e-08
5.93	2.5656e-07
5.935	1.40876e-07
5.94	1.5606e-07
5.945	8.5955e-08
5.95	4.91787e-08
5.955	2.21747e-07
5.96	1.86258e-07
5.965	1.00646e-07
5.97	5.6832e-08
5.975	3.31209e-08
5.98	2.25789e-07
5.985	1.90398e-07
5.99	1.03216e-07
5.995	5.84631e-08
6	2.68729e-07
6.005	1.48349e-07
6.01	1.64597e-07
6.015	9.10247e-08
6.02	2.57189e-07
6.025	1.41161e-07
6.03	1.56417e-07
6.035	8.61266e-08
6.04	4.92642e-08
6.045	2.22178e-07
6.05	1.86652e-07
6.055	1.00834e-07
6.06	5.6922e-08
6.065	3.31763e-08
6.07	2.26159e-07
6.075	1.90767e-07
6.08	1.0339e-07
6.085	5.85447e-08
6.09	2.69192e-07
6.095	1.48574e-07
6.1	1.6486e-07
6.105	9.11617e-08
6.11	2.57588e-07
6.115	1.41367e-07
6.12	1.56636e-07
6.125	8.62421e-08
6.13	4.9321e-08
6.135	2.22461e-07
6.14	1.86935e-07
6.145	1.00966e-07
6.15	5.69852e-08
6.155	3.32148e-08
6.16	2.26421e-07
6.165	1.91006e-07
6.17	1.03509e-07
6.175	5.86124e-08
6.18	2.69475e-07
6.185	1.48714e-07
6.19	1.65009e-07
6.195	9.12493e-08
6.2	2.57843e-07
6.205	1.41509e-07
6.21	1.56759e-07
6.215	8.63249e-08
6.22	4.93661e-08
6.225	2.22663e-07
6.23	1.8712e-07
6.235	1.01059e-07
6.24	5.70324e-08
6.245	3.3243e-08
6.25	2.26619e-07
6.255	1.9119e-07
6.26	1.03594e-07
6.265	5.86607e-08
6.27	2.69657e-07
6.275	1.48817e-07
6.28	1.65116e-07
6.285	9.13016e-08
6.29	2.58025e-07
6.295	1.41598e-07
6.3	1.56858e-07
6.305	8.63705e-08
6.31	4.93986e-08
6.315	2.22791e-07
6.32	1.87268e-07
6.325	1.01122e-07
6.33	5.70633e-08
6.335	2.62383e-07
6.34	1.44418e-07
6.345	1.59911e-07
6.35	8.82441e-08
6.355	2.49134e-07
6.36	1.36437e-07
6.365	2.55688e-07
6.37	1.40054e-07
6.375	1.55552e-07
6.38	8.54169e-08
6.385	4.87293e-08
6.39	2.19974e-07
6.395	1.84319e-07
6.4	9.93695e-08
6.405	5.60171e-08
6.41	3.26314e-08
6.415	2.22422e-07
6.42	1.87409e-07
6.425	1.0139e-07
6.43	5.73461e-08
6.435	2.63628e-07
6.44	1.45321e-07
6.445	1.61098e-07
6.45	8.89787e-08
6.455	2.51418e-07
6.46	1.37819e-07
6.465	1.5262e-07
6.47	8.39231e-08
6.475	4.79769e-08
6.48	2.1636e-07
6.485	1.81718e-07
6.49	9.80053e-08
6.495	5.5299e-08
6.5	3.22294e-08
6.505	2.19567e-07
6.51	1.85164e-07
6.515	1.00231e-07
6.52	5.6745e-08
6.525	3.31752e-08
6.53	2.25498e-07
6.535	1.90923e-07
6.54	1.03587e-07
6.545	5.87696e-08
6.55	2.69975e-07
6.555	1.49257e-07
6.56	1.65693e-07
6.565	9.17272e-08
6.57	2.59326e-07
6.575	1.42477e-07
6.58	1.57969e-07
6.585	8.70127e-08
6.59	2.45583e-07
6.595	1.3439e-07
6.6	2.51696e-07
6.605	1.37838e-07
6.61	1.53031e-07
6.615	8.39687e-08
6.62	4.79266e-08
6.625	2.16196e-07
6.63	1.8114e-07
6.635	9.76265e-08
6.64	5.50598e-08
6.645	3.20723e-08
6.65	2.18479e-07
6.655	1.8404e-07
6.66	9.95708e-08
6.665	5.63273e-08
6.67	3.28991e-08
6.675	2.238e-07
6.68	1.89219e-07
6.685	1.02656e-07
6.69	5.82209e-08
6.695	2.6739e-07
6.7	1.47827e-07
6.705	1.63945e-07
6.71	9.07553e-08
6.715	2.56464e-07
6.72	1.40908e-07
6.725	1.56078e-07
6.73	8.59888e-08
6.735	4.92498e-08
6.74	2.21866e-07
6.745	1.86577e-07
6.75	1.00816e-07
6.755	5.69579e-08
6.76	3.32189e-08
6.765	2.26184e-07
6.77	1.90817e-07
6.775	1.03496e-07
6.78	5.86454e-08
6.785	2.69321e-07
6.79	1.48796e-07
6.795	1.64918e-07
6.8	9.12702e-08
6.805	2.57785e-07
6.81	1.41585e-07
6.815	1.56729e-07
6.82	8.63432e-08
6.825	4.94208e-08
6.83	2.22694e-07
6.835	1.87072e-07
6.84	1.01101e-07
6.845	5.7095e-08
6.85	3.32775e-08
6.855	2.26737e-07
6.86	1.91147e-07
6.865	1.03658e-07
6.87	5.87217e-08
6.875	2.69693e-07
6.88	1.48941e-07
6.885	1.65052e-07
6.89	9.13283e-08
6.895	2.57949e-07
6.9	1.41646e-07
6.905	1.56752e-07
6.91	8.63476e-08
6.915	4.94043e-08
6.92	2.22694e-07
6.925	1.8697e-07
6.93	1.01054e-07
6.935	5.70547e-08
6.94	3.32415e-08
6.945	2.26567e-07
6.95	1.90937e-07
6.955	1.03543e-07
6.96	5.86474e-08
6.965	2.69384e-07
6.97	1.48732e-07
6.975	1.64826e-07
6.98	9.11891e-08
6.985	2.57531e-07
6.99	1.41394e-07
6.995	1.56456e-07
7	8.61887e-08
7.005	4.92988e-08
7.01	2.22286e-07
7.015	1.86542e-07
7.02	1.00836e-07
7.025	5.6921e-08
7.03	3.31613e-08
7.035	2.26053e-07
7.04	1.90436e-07
7.045	1.03287e-07
7.05	5.84884e-08
7.055	2.68681e-07
7.06	1.48343e-07
7.065	1.64386e-07
7.07	9.09471e-08
7.075	2.56794e-07
7.08	1.40994e-07
7.085	1.56006e-07
7.09	8.59275e-08
7.095	4.91325e-08
7.1	2.2158e-07
7.105	1.85965e-07
7.11	1.00514e-07
7.115	5.67224e-08
7.12	3.30541e-08
7.125	2.2529e-07
7.13	1.89798e-07
7.135	1.02939e-07
7.14	5.82759e-08
7.145	2.67751e-07
7.15	1.47835e-07
7.155	1.6381e-07
7.16	9.06243e-08
7.165	2.55832e-07
7.17	1.40503e-07
7.175	1.55434e-07
7.18	8.56128e-08
7.185	4.89453e-08
7.19	2.20698e-07
7.195	1.85271e-07
7.2	1.00128e-07
7.205	5.65071e-08
7.21	3.29322e-08
7.215	2.24361e-07
7.22	1.89051e-07
7.225	1.02532e-07
7.23	5.80571e-08
7.235	2.66606e-07
7.24	1.47235e-07
7.245	1.63114e-07
7.25	9.02438e-08
7.255	2.54725e-07
7.26	1.3991e-07
7.265	1.54751e-07
7.27	8.52422e-08
7.275	4.87531e-08
7.28	2.1974e-07
7.285	1.84451e-07
7.29	9.96866e-08
7.295	5.62841e-08
7.3	3.28024e-08
7.305	2.23369e-07
7.31	1.88215e-07
7.315	1.02061e-07
7.32	5.78296e-08
7.325	2.65409e-07
7.33	1.46581e-07
7.335	1.6238e-07
7.34	8.98278e-08
7.345	2.53561e-07
7.35	1.39253e-07
7.355	1.54039e-07
7.36	8.48428e-08
7.365	4.85568e-08
7.37	2.18723e-07
7.375	1.83587e-07
7.38	9.92017e-08
7.385	5.60433e-08
7.39	3.2676e-08
7.395	2.22284e-07
7.4	1.87328e-07
7.405	1.01568e-07
7.41	5.75842e-08
7.415	2.64112e-07
7.42	1.45907e-07
7.425	1.61595e-07
7.43	8.94132e-08
7.435	2.52343e-07
7.44	1.38597e-07
7.445	1.53299e-07
7.45	8.44368e-08
7.455	4.83478e-08
7.46	2.17631e-07
7.465	1.82724e-07
7.47	9.87071e-08
7.475	5.57939e-08
7.48	3.25368e-08
7.485	2.21199e-07
7.49	1.86438e-07
7.495	1.01084e-07
7.5	5.7314e-08
7.505	3.3534e-08
7.51	2.27451e-07
7.515	1.9246e-07
7.52	1.04589e-07
7.525	5.94121e-08
7.53	2.72325e-07
7.535	1.50822e-07
7.54	1.67155e-07
7.545	9.26816e-08
7.55	2.61633e-07
7.555	1.43982e-07
7.56	1.59356e-07
7.565	8.79153e-08
7.57	2.47744e-07
7.575	1.35781e-07
7.58	2.53914e-07
7.585	1.39262e-07
7.59	1.54375e-07
7.595	8.48185e-08
7.6	4.84569e-08
7.605	2.18263e-07
7.61	1.8268e-07
7.615	9.85752e-08
7.62	5.56671e-08
7.625	3.24624e-08
7.63	2.20627e-07
7.635	1.85663e-07
7.64	1.00562e-07
7.645	5.69611e-08
7.65	3.32928e-08
7.655	2.2604e-07
7.66	1.90925e-07
7.665	1.03674e-07
7.67	5.88721e-08
7.675	2.69832e-07
7.68	1.49305e-07
7.685	1.6545e-07
7.69	9.16447e-08
7.695	2.58702e-07
7.7	1.42238e-07
7.705	1.57391e-07
7.71	8.67572e-08
7.715	2.44534e-07
7.72	1.3392e-07
7.725	2.50449e-07
7.73	1.37258e-07
7.735	1.52117e-07
7.74	8.35398e-08
7.745	4.77155e-08
7.75	2.14963e-07
7.755	1.79808e-07
7.76	9.699e-08
7.765	5.47614e-08
7.77	3.19179e-08
7.775	2.17016e-07
7.78	1.82594e-07
7.785	9.88397e-08
7.79	5.59753e-08
7.795	3.2704e-08
7.8	2.22106e-07
7.805	1.87614e-07
7.81	1.0182e-07
7.815	5.78036e-08
7.82	2.65037e-07
7.825	1.46563e-07
7.83	1.62433e-07
7.835	8.99447e-08
7.84	2.5396e-07
7.845	1.39571e-07
7.85	1.54469e-07
7.855	8.51341e-08
7.86	4.87875e-08
7.865	2.19544e-07
7.87	1.84508e-07
7.875	9.97072e-08
7.88	5.63774e-08
7.885	3.29018e-08
7.89	2.23626e-07
7.895	1.88638e-07
7.9	1.02272e-07
7.905	5.80058e-08
7.91	2.66108e-07
7.915	1.47011e-07
7.92	1.62931e-07
7.925	9.01568e-08
7.93	2.54547e-07
7.935	1.39789e-07
7.94	1.54719e-07
7.945	8.52171e-08
7.95	4.88029e-08
7.955	2.19719e-07
7.96	1.84616e-07
7.965	9.9693e-08
7.97	5.63343e-08
7.975	3.28868e-08
7.98	2.2353e-07
7.985	1.88584e-07
7.99	1.02156e-07
7.995	5.79206e-08
8	2.65892e-07
8.005	1.4678e-07
8.01	1.6275e-07
8.015	8.99924e-08
8.02	2.54228e-07
8.025	1.39496e-07
8.03	1.54479e-07
8.035	8.50313e-08
8.04	4.86934e-08
8.045	2.19278e-07
8.05	1.84264e-07
8.055	9.9467e-08
8.06	5.61924e-08
8.065	3.2806e-08
8.07	2.22976e-07
8.075	1.88177e-07
8.08	1.01893e-07
8.085	5.77676e-08
8.09	2.65242e-07
8.095	1.46367e-07
8.1	1.6233e-07
8.105	8.97329e-08
8.11	2.53569e-07
8.115	1.39094e-07
8.12	1.54076e-07
8.125	8.4777e-08
8.13	4.85581e-08
8.135	2.1864e-07
8.14	1.83746e-07
8.145	9.91732e-08
8.15	5.60382e-08
8.155	3.27045e-08
8.16	2.22333e-07
8.165	1.87604e-07
8.17	1.01618e-07
8.175	5.76093e-08
8.18	3.37158e-08
8.185	2.28722e-07
8.19	1.93738e-07
8.195	1.05182e-07
8.2	5.97412e-08
8.205	2.74165e-07
8.21	1.51714e-07
8.215	1.68313e-07
8.22	9.32621e-08
8.225	2.63484e-07
8.23	1.44901e-07
8.235	1.60504e-07
8.24	8.85103e-08
8.245	2.49577e-07
8.25	1.36727e-07
8.255	2.55834e-07
8.26	1.4027e-07
8.265	1.55605e-07
8.27	8.54741e-08
8.275	4.88167e-08
8.28	2.19968e-07
8.285	1.84182e-07
8.29	9.93904e-08
8.295	5.61187e-08
8.3	3.27116e-08
8.305	2.22509e-07
8.31	1.87337e-07
8.315	1.01458e-07
8.32	5.74345e-08
8.325	3.35651e-08
8.33	2.28099e-07
8.335	1.92761e-07
8.34	1.04664e-07
8.345	5.93816e-08
8.35	2.72533e-07
8.355	1.50772e-07
8.36	1.67132e-07
8.365	9.25722e-08
8.37	2.61357e-07
8.375	1.43721e-07
8.38	1.59066e-07
8.385	8.77123e-08
8.39	2.47149e-07
8.395	1.35419e-07
8.4	2.53228e-07
8.405	1.38823e-07
8.41	1.53883e-07
8.415	8.45492e-08
8.42	4.82579e-08
8.425	2.17513e-07
8.43	1.81938e-07
8.435	9.82364e-08
8.44	5.54315e-08
8.445	3.2299e-08
8.45	2.19865e-07
8.455	1.84965e-07
8.46	1.00203e-07
8.465	5.67054e-08
8.47	3.31212e-08
8.475	2.25247e-07
8.48	1.90264e-07
8.485	1.03322e-07
8.49	5.86184e-08
8.495	2.69105e-07
8.5	1.48811e-07
8.505	1.64967e-07
8.51	9.13544e-08
8.515	2.57974e-07
8.52	1.41812e-07
8.525	1.56995e-07
8.53	8.65445e-08
8.535	4.95653e-08
8.54	2.23239e-07
8.545	1.87518e-07
8.55	1.01465e-07
8.555	5.73604e-08
8.56	3.34526e-08
8.565	2.27658e-07
8.57	1.91994e-07
8.575	1.04218e-07
8.58	5.90882e-08
8.585	2.71197e-07
8.59	1.49887e-07
8.595	1.66116e-07
8.6	9.19561e-08
8.605	2.59575e-07
8.61	1.42672e-07
8.615	1.57865e-07
8.62	8.70177e-08
8.625	2.45125e-07
8.63	1.34288e-07
8.635	2.51104e-07
8.64	1.37636e-07
8.645	1.52516e-07
8.65	8.37906e-08
8.655	4.78129e-08
8.66	2.15607e-07
8.665	1.80262e-07
8.67	9.73528e-08
8.675	5.4922e-08
8.68	3.19728e-08
8.685	2.17802e-07
8.69	1.83192e-07
8.695	9.92673e-08
8.7	5.61615e-08
8.705	3.27807e-08
8.71	2.23043e-07
8.715	1.8837e-07
8.72	1.0233e-07
8.725	5.80337e-08
8.73	2.66356e-07
8.735	1.47304e-07
8.74	1.63275e-07
8.745	9.04224e-08
8.75	2.55272e-07
8.755	1.4038e-07
8.76	1.5536e-07
8.765	8.56635e-08
8.77	4.90586e-08
8.775	2.2101e-07
8.78	1.85686e-07
8.785	1.00484e-07
8.79	5.67865e-08
8.795	3.31036e-08
8.8	2.25377e-07
8.805	1.9009e-07
8.81	1.03212e-07
8.815	5.85023e-08
8.82	2.68375e-07
8.825	1.48401e-07
8.83	1.64416e-07
8.835	9.10583e-08
8.84	2.56957e-07
8.845	1.41296e-07
8.85	1.56284e-07
8.855	8.61836e-08
8.86	4.93385e-08
8.865	2.22253e-07
8.87	1.86741e-07
8.875	1.01016e-07
8.88	5.70789e-08
8.885	3.327e-08
8.89	2.26523e-07
8.895	1.91045e-07
8.9	1.03712e-07
8.905	5.87713e-08
8.91	2.69636e-07
8.915	1.49092e-07
8.92	1.65142e-07
8.925	9.14735e-08
8.93	2.58114e-07
8.935	1.41929e-07
8.94	1.56939e-07
8.945	8.65654e-08
8.95	4.95485e-08
8.955	2.23203e-07
8.96	1.87566e-07
8.965	1.0145e-07
8.97	5.73067e-08
8.975	3.34145e-08
8.98	2.27478e-07
8.985	1.91912e-07
8.99	1.0415e-07
8.995	5.90128e-08
9	2.70828e-07
9.005	1.49715e-07
9.01	1.65843e-07
9.015	9.18503e-08
9.02	2.59281e-07
9.025	1.4253e-07
9.03	1.57606e-07
9.035	8.69245e-08
9.04	4.9761e-08
9.045	2.24167e-07
9.05	1.88419e-07
9.055	1.01894e-07
9.06	5.75662e-08
9.065	2.64272e-07
9.07	1.45713e-07
9.075	1.61126e-07
9.08	8.90664e-08
9.085	2.51211e-07
9.09	1.37839e-07
9.095	2.58043e-07
9.1	1.41602e-07
9.105	1.56944e-07
9.11	8.635e-08
9.115	4.93021e-08
9.12	2.22328e-07
9.125	1.8633e-07
9.13	1.00657e-07
9.135	5.68118e-08
9.14	3.3103e-08
9.145	2.25401e-07
9.15	1.89944e-07
9.155	1.02965e-07
9.16	5.82676e-08
9.165	2.67625e-07
9.17	1.47785e-07
9.175	1.63574e-07
9.18	9.05334e-08
9.185	2.55561e-07
9.19	1.40379e-07
9.195	1.55165e-07
9.2	8.55195e-08
9.205	4.89011e-08
9.21	2.20476e-07
9.215	1.85169e-07
9.22	1.00116e-07
9.225	5.65217e-08
9.23	3.29368e-08
9.235	2.24403e-07
9.24	1.89253e-07
9.245	1.0266e-07
9.25	5.8127e-08
9.255	2.67042e-07
9.26	1.47525e-07
9.265	1.6339e-07
9.27	9.04531e-08
9.275	2.55477e-07
9.28	1.40358e-07
9.285	1.55237e-07
9.29	8.55803e-08
9.295	4.89466e-08
9.3	2.20719e-07
9.305	1.85491e-07
9.31	1.00299e-07
9.315	5.66401e-08
9.32	3.30153e-08
9.325	2.24921e-07
9.33	1.89827e-07
9.335	1.02969e-07
9.34	5.83256e-08
9.345	2.67989e-07
9.35	1.48042e-07
9.355	1.64034e-07
9.36	9.08234e-08
9.365	2.56608e-07
9.37	1.40973e-07
9.375	1.55978e-07
9.38	8.59955e-08
9.385	4.91904e-08
9.39	2.21816e-07
9.395	1.86506e-07
9.4	1.00863e-07
9.405	5.69637e-08
9.41	3.3216e-08
9.415	2.26208e-07
9.42	1.90992e-07
9.425	1.03604e-07
9.43	5.8708e-08
9.435	2.69711e-07
9.44	1.48977e-07
9.445	1.65134e-07
9.45	9.14364e-08
9.455	2.58399e-07
9.46	1.41937e-07
9.465	1.57111e-07
9.47	8.66103e-08
9.475	4.95636e-08
9.48	2.2348e-07
9.485	1.87917e-07
9.49	1.01636e-07
9.495	5.7423e-08
9.5	3.34889e-08
9.505	2.28013e-07
9.51	1.92536e-07
9.515	1.04449e-07
9.52	5.92247e-08
9.525	2.71959e-07
9.53	1.50235e-07
9.535	1.66567e-07
9.54	9.22194e-08
9.545	2.60631e-07
9.55	1.43175e-07
9.555	1.5851e-07
9.56	8.73855e-08
9.565	2.4651e-07
9.57	1.3499e-07
9.575	2.52733e-07
9.58	1.38467e-07
9.585	1.53578e-07
9.59	8.43818e-08
9.595	4.81624e-08
9.6	2.17325e-07
9.605	1.82027e-07
9.61	9.82801e-08
9.615	5.54751e-08
9.62	3.23232e-08
9.625	2.20052e-07
9.63	1.85406e-07
9.635	1.00472e-07
9.64	5.68998e-08
9.645	3.32302e-08
9.65	2.25916e-07
9.655	1.91092e-07
9.66	1.03832e-07
9.665	5.89536e-08
9.67	2.70484e-07
9.675	1.49658e-07
9.68	1.65907e-07
9.685	9.1966e-08
9.69	2.59824e-07
9.695	1.42926e-07
9.7	1.58201e-07
9.705	8.72975e-08
9.71	2.46165e-07
9.715	1.34963e-07
9.72	2.52567e-07
9.725	1.38582e-07
9.73	1.53598e-07
9.735	8.44794e-08
9.74	4.82598e-08
9.745	2.17569e-07
9.75	1.82323e-07
9.755	9.85169e-08
9.76	5.56635e-08
9.765	3.24374e-08
9.77	2.20705e-07
9.775	1.85905e-07
9.78	1.00872e-07
9.785	5.71494e-08
9.79	3.33808e-08
9.795	2.26931e-07
9.8	1.91801e-07
9.805	1.04358e-07
9.81	5.92633e-08
9.815	2.71732e-07
9.82	1.50499e-07
9.825	1.66756e-07
9.83	9.24972e-08
9.835	2.61115e-07
9.84	1.4381e-07
9.845	1.59074e-07
9.85	8.78659e-08
9.855	2.47589e-07
9.86	1.3588e-07
9.865	2.54114e-07
9.87	1.39566e-07
9.875	1.54621e-07
9.88	8.51029e-08
9.885	4.86177e-08
9.89	2.19201e-07
9.895	1.83615e-07
9.9	9.92901e-08
9.905	5.61014e-08
9.91	3.26928e-08
9.915	2.22522e-07
9.92	1.87403e-07
9.925	1.01709e-07
9.93	5.76267e-08
9.935	3.3655e-08
9.94	2.28891e-07
9.945	1.93491e-07
9.95	1.05264e-07
9.955	5.9785e-08
9.96	2.74137e-07
9.965	1.51856e-07
9.97	1.68312e-07
9.975	9.33699e-08
9.98	2.63608e-07
9.985	1.45182e-07
9.99	1.60658e-07
9.995	8.87323e-08
10	2.50064e-07
