0.005	0
0.01	0.28928
0.015	0.133016
0.02	0.095511
0.025	0.0571472
0.03	0.0438962
0.035	0.0301896
0.04	0.0239404
0.045	0.0179547
0.05	0.0146833
0.055	0.0138166
0.06	0.00925852
0.065	0.0080595
0.07	0.00617572
0.075	0.00523218
0.08	0.00416292
0.085	0.00355282
0.09	0.00312258
0.095	0.00245883
0.1	0.00214457
0.105	0.00176633
0.11	0.00153701
0.115	0.00126622
0.12	0.00110167
0.125	0.000920847
0.13	0.000801503
0.135	0.000717447
0.14	0.000580607
0.145	0.000508142
0.15	0.000426704
0.155	0.000371234
0.16	0.000317828
0.165	0.000275362
0.17	0.00024431
0.175	0.000203529
0.18	0.00017766
0.185	0.0001524
0.19	0.000132125
0.195	0.00011498
0.2	9.97006e-05
0.205	8.69237e-05
0.21	7.57625e-05
0.215	6.56991e-05
0.22	5.76416e-05
0.225	5.02342e-05
0.23	4.4669e-05
0.235	3.91756e-05
0.24	3.4346e-05
0.245	3.02023e-05
0.25	2.66814e-05
0.255	2.36548e-05
0.26	2.10827e-05
0.265	1.92904e-05
0.27	1.74792e-05
0.275	1.56514e-05
0.28	1.41554e-05
0.285	1.30522e-05
0.29	1.17366e-05
0.295	1.08949e-05
0.3	9.88238e-06
0.305	9.55705e-06
0.31	9.2454e-06
0.315	8.42874e-06
0.32	8.03608e-06
0.325	7.58095e-06
0.33	7.24969e-06
0.335	6.82832e-06
0.34	6.51162e-06
0.345	6.17779e-06
0.35	6.0088e-06
0.355	5.67704e-06
0.36	5.37168e-06
0.365	5.03599e-06
0.37	4.78052e-06
0.375	4.49409e-06
0.38	4.26625e-06
0.385	4.07517e-06
0.39	3.85351e-06
0.395	3.63027e-06
0.4	3.43306e-06
0.405	3.308e-06
0.41	3.10766e-06
0.415	2.90948e-06
0.42	2.74393e-06
0.425	2.60335e-06
0.43	2.67267e-06
0.435	2.41905e-06
0.44	2.32413e-06
0.445	2.19688e-06
0.45	2.11831e-06
0.455	2.00002e-06
0.46	1.88593e-06
0.465	1.77844e-06
0.47	1.69062e-06
0.475	1.59344e-06
0.48	1.50268e-06
0.485	1.42188e-06
0.49	1.34972e-06
0.495	1.27969e-06
0.5	1.20874e-06
0.505	1.13786e-06
0.51	1.07101e-06
0.515	1.01143e-06
0.52	9.56519e-07
0.525	9.06192e-07
0.53	8.62156e-07
0.535	8.21205e-07
0.54	7.84296e-07
0.545	7.49402e-07
0.55	7.16473e-07
0.555	6.84667e-07
0.56	6.53986e-07
0.565	6.23471e-07
0.57	5.87971e-07
0.575	5.6091e-07
0.58	5.3401e-07
0.585	5.08289e-07
0.59	4.82495e-07
0.595	4.55361e-07
0.6	4.32317e-07
0.605	4.09618e-07
0.61	3.88092e-07
0.615	3.6701e-07
0.62	3.46283e-07
0.625	3.27976e-07
0.63	3.105e-07
0.635	2.94988e-07
0.64	2.80608e-07
0.645	2.64339e-07
0.65	2.53271e-07
0.655	2.42781e-07
0.66	2.33386e-07
0.665	2.24203e-07
0.67	2.15343e-07
0.675	2.06794e-07
0.68	1.98389e-07
0.685	1.87437e-07
0.69	1.80385e-07
0.695	1.73715e-07
0.7	1.64259e-07
0.705	1.58468e-07
0.71	1.53116e-07
0.715	1.4489e-07
0.72	1.40588e-07
0.725	1.32923e-07
0.73	1.28815e-07
0.735	1.22103e-07
0.74	1.18457e-07
0.745	1.12214e-07
0.75	1.08964e-07
0.755	1.03226e-07
0.76	1.00196e-07
0.765	9.65135e-08
0.77	9.13778e-08
0.775	8.69012e-08
0.78	8.28006e-08
0.785	8.07114e-08
0.79	7.73654e-08
0.795	7.31363e-08
0.8	6.96065e-08
0.805	6.79244e-08
0.81	6.40947e-08
0.815	6.24818e-08
0.82	5.98005e-08
0.825	5.63054e-08
0.83	5.35778e-08
0.835	5.24311e-08
0.84	4.99659e-08
0.845	4.69057e-08
0.85	4.46153e-08
0.855	4.38265e-08
0.86	4.16752e-08
0.865	3.87913e-08
0.87	3.68002e-08
0.875	3.67658e-08
0.88	3.51089e-08
0.885	3.21234e-08
0.89	3.3014e-08
0.895	2.96063e-08
0.9	2.93556e-08
0.905	2.68623e-08
0.91	2.79799e-08
0.915	2.75128e-08
0.92	2.4607e-08
0.925	2.70752e-08
0.93	2.35826e-08
0.935	2.4256e-08
0.94	2.18219e-08
0.945	2.3897e-08
0.95	2.37076e-08
0.955	2.0766e-08
0.96	1.92419e-08
0.965	2.2664e-08
0.97	2.23775e-08
0.975	1.90836e-08
0.98	2.2638e-08
0.985	1.87342e-08
0.99	1.9742e-08
0.995	1.72098e-08
1	1.98131e-08
1.005	1.68464e-08
1.01	1.99306e-08
1.015	1.94956e-08
1.02	1.61783e-08
1.025	1.47217e-08
1.03	1.89931e-08
1.035	1.86417e-08
1.04	1.52175e-08
1.045	1.36831e-08
1.05	1.84682e-08
1.055	1.82925e-08
1.06	1.48073e-08
1.065	1.3225e-08
1.07	1.84458e-08
1.075	1.82504e-08
1.08	1.47014e-08
1.085	1.30576e-08
1.09	1.83408e-08
1.095	1.79713e-08
1.1	1.4376e-08
1.105	1.26787e-08
1.11	1.7986e-08
1.115	1.74959e-08
1.12	1.38675e-08
1.125	1.21375e-08
1.13	1.75033e-08
1.135	1.70168e-08
1.14	1.33403e-08
1.145	1.15776e-08
1.15	2.04006e-08
1.155	1.50686e-08
1.16	1.64688e-08
1.165	1.29597e-08
1.17	1.71283e-08
1.175	1.33279e-08
1.18	1.78373e-08
1.185	1.7297e-08
1.19	1.33761e-08
1.195	1.14268e-08
1.2	1.03433e-08
1.205	1.89591e-08
1.21	1.81902e-08
1.215	1.37851e-08
1.22	1.15767e-08
1.225	1.81873e-08
1.23	1.39504e-08
1.235	1.88419e-08
1.24	1.77223e-08
1.245	1.34881e-08
1.25	1.1344e-08
1.255	1.01239e-08
1.26	1.928e-08
1.265	1.79712e-08
1.27	1.34259e-08
1.275	1.11303e-08
1.28	2.15924e-08
1.285	1.54241e-08
1.29	1.64166e-08
1.295	1.24614e-08
1.3	1.64524e-08
1.305	1.23946e-08
1.31	1.65485e-08
1.315	1.23213e-08
1.32	1.66075e-08
1.325	1.22217e-08
1.33	1.66349e-08
1.335	1.20694e-08
1.34	1.67043e-08
1.345	1.49059e-08
1.35	1.05862e-08
1.355	8.46585e-09
1.36	7.32061e-09
1.365	1.64469e-08
1.37	1.48385e-08
1.375	1.02774e-08
1.38	8.01909e-09
1.385	1.87203e-08
1.39	1.24928e-08
1.395	1.36737e-08
1.4	9.71735e-09
1.405	1.40361e-08
1.41	9.97086e-09
1.415	1.4493e-08
1.42	1.02695e-08
1.425	1.49628e-08
1.43	1.05704e-08
1.435	1.54051e-08
1.44	1.08458e-08
1.445	1.58749e-08
1.45	1.11334e-08
1.455	1.63168e-08
1.46	1.4823e-08
1.465	1.03861e-08
1.47	8.18743e-09
1.475	6.98452e-09
1.48	1.66516e-08
1.485	1.52121e-08
1.49	1.06048e-08
1.495	8.32035e-09
1.5	1.91064e-08
1.505	1.2869e-08
1.51	1.40304e-08
1.515	1.01019e-08
1.52	1.88659e-08
1.525	1.27053e-08
1.53	1.38007e-08
1.535	9.97488e-09
1.54	1.8435e-08
1.545	1.24599e-08
1.55	1.34868e-08
1.555	9.79342e-09
1.56	7.90501e-09
1.565	1.67784e-08
1.57	1.51105e-08
1.575	1.04988e-08
1.58	8.22945e-09
1.585	1.88687e-08
1.59	1.26458e-08
1.595	1.36762e-08
1.6	9.804e-09
1.605	1.83046e-08
1.61	1.22652e-08
1.615	1.32145e-08
1.62	9.50213e-09
1.625	1.76106e-08
1.63	1.18284e-08
1.635	1.80165e-08
1.64	1.19967e-08
1.645	1.28713e-08
1.65	9.25476e-09
1.655	7.43816e-09
1.66	1.60697e-08
1.665	1.43092e-08
1.67	9.8327e-09
1.675	7.67005e-09
1.68	6.52327e-09
1.685	1.60951e-08
1.69	1.43671e-08
1.695	9.75411e-09
1.7	7.53591e-09
1.705	1.81572e-08
1.71	1.18613e-08
1.715	1.28731e-08
1.72	9.02054e-09
1.725	1.7518e-08
1.73	1.14142e-08
1.735	1.23564e-08
1.74	8.67707e-09
1.745	1.67453e-08
1.75	1.09189e-08
1.755	1.71543e-08
1.76	1.11117e-08
1.765	1.19234e-08
1.77	8.3301e-09
1.775	6.60832e-09
1.78	1.51544e-08
1.785	1.33517e-08
1.79	8.87497e-09
1.795	6.78873e-09
1.8	5.73306e-09
1.805	1.51737e-08
1.81	1.34009e-08
1.815	8.80063e-09
1.82	6.64394e-09
1.825	1.72328e-08
1.83	1.09542e-08
1.835	1.18966e-08
1.84	8.07772e-09
1.845	1.6588e-08
1.85	1.05162e-08
1.855	1.13808e-08
1.86	7.73201e-09
1.865	5.96025e-09
1.87	1.47219e-08
1.875	1.28978e-08
1.88	8.33304e-09
1.885	6.16117e-09
1.89	5.05347e-09
1.895	1.4822e-08
1.9	1.30398e-08
1.905	8.33526e-09
1.91	6.08044e-09
1.915	1.70036e-08
1.92	1.05893e-08
1.925	1.15706e-08
1.93	7.6425e-09
1.935	1.64005e-08
1.94	1.01813e-08
1.945	1.10913e-08
1.95	7.32919e-09
1.955	1.56513e-08
1.96	9.72782e-09
1.965	1.60407e-08
1.97	9.91316e-09
1.975	1.07817e-08
1.98	7.09361e-09
1.985	5.25346e-09
1.99	1.40568e-08
1.995	1.23043e-08
2	7.74852e-09
2.005	5.53296e-09
2.01	4.36346e-09
2.015	1.41358e-08
2.02	1.24158e-08
2.025	7.76128e-09
2.03	5.49354e-09
2.035	4.29119e-09
2.04	1.435e-08
2.045	1.26246e-08
2.05	7.83588e-09
2.055	5.50383e-09
2.06	4.26112e-09
2.065	1.46831e-08
2.07	1.29162e-08
2.075	7.9553e-09
2.08	5.53678e-09
2.085	1.70856e-08
2.09	1.03896e-08
2.095	1.14449e-08
2.1	7.29239e-09
2.105	1.65031e-08
2.11	1.00062e-08
2.115	1.09642e-08
2.12	6.99154e-09
2.125	1.57245e-08
2.13	9.53967e-09
2.135	1.6154e-08
2.14	9.75049e-09
2.145	1.06081e-08
2.15	6.74801e-09
2.155	4.81745e-09
2.16	1.40615e-08
2.165	1.21755e-08
2.17	7.4284e-09
2.175	5.11599e-09
2.18	3.88411e-09
2.185	1.41189e-08
2.19	1.22657e-08
2.195	7.43251e-09
2.2	5.07548e-09
2.205	3.81882e-09
2.21	1.43056e-08
2.215	1.24494e-08
2.22	7.49232e-09
2.225	5.07563e-09
2.23	1.65796e-08
2.235	9.91658e-09
2.24	1.08933e-08
2.245	6.77826e-09
2.25	1.58929e-08
2.255	9.45729e-09
2.26	1.03459e-08
2.265	6.43036e-09
2.27	4.46242e-09
2.275	1.39279e-08
2.28	1.19769e-08
2.285	7.12366e-09
2.29	4.75863e-09
2.295	3.49874e-09
2.3	1.40488e-08
2.305	1.21287e-08
2.31	7.17612e-09
2.315	4.75804e-09
2.32	1.62611e-08
2.325	9.60474e-09
2.33	1.05593e-08
2.335	6.45919e-09
2.34	1.55404e-08
2.345	9.13182e-09
2.35	9.99891e-09
2.355	6.10834e-09
2.36	4.15105e-09
2.365	1.35832e-08
2.37	1.16092e-08
2.375	6.79896e-09
2.38	4.45479e-09
2.385	3.21072e-09
2.39	1.36968e-08
2.395	1.17678e-08
2.4	6.86193e-09
2.405	4.46845e-09
2.41	1.58861e-08
2.415	9.28239e-09
2.42	1.02294e-08
2.425	6.16441e-09
2.43	1.51662e-08
2.435	8.81924e-09
2.44	9.67936e-09
2.445	5.82695e-09
2.45	3.89334e-09
2.455	1.32436e-08
2.46	1.12737e-08
2.465	6.52075e-09
2.47	4.20659e-09
2.475	2.98203e-09
2.48	1.33667e-08
2.485	1.14484e-08
2.49	6.59857e-09
2.495	4.23435e-09
2.5	2.98298e-09
2.505	1.36492e-08
2.51	1.17182e-08
2.515	6.72321e-09
2.52	4.28485e-09
2.525	1.59893e-08
2.53	9.23577e-09
2.535	1.02304e-08
2.54	6.06298e-09
2.545	1.5329e-08
2.55	8.81354e-09
2.555	9.71137e-09
2.56	5.74694e-09
2.565	1.44876e-08
2.57	8.3207e-09
2.575	1.49312e-08
2.58	8.53941e-09
2.585	9.32705e-09
2.59	5.50662e-09
2.595	3.59806e-09
2.6	1.28718e-08
2.605	1.08855e-08
2.61	6.20362e-09
2.615	3.92828e-09
2.62	2.72574e-09
2.625	1.29647e-08
2.63	1.10271e-08
2.635	6.26147e-09
2.64	3.94282e-09
2.645	2.71653e-09
2.65	1.31961e-08
2.655	1.12691e-08
2.66	6.38069e-09
2.665	3.99896e-09
2.67	1.54677e-08
2.675	8.84367e-09
2.68	9.80103e-09
2.685	5.72595e-09
2.69	1.47945e-08
2.695	8.41625e-09
2.7	9.27916e-09
2.705	5.41416e-09
2.71	3.4783e-09
2.715	1.29162e-08
2.72	1.09077e-08
2.725	6.13645e-09
2.73	3.81364e-09
2.735	2.58609e-09
2.74	1.30838e-08
2.745	1.11256e-08
2.75	6.24466e-09
2.755	3.86556e-09
2.76	2.60772e-09
2.765	1.34029e-08
2.77	1.14317e-08
2.775	6.39456e-09
2.78	3.93732e-09
2.785	1.57919e-08
2.79	8.9553e-09
2.795	9.95862e-09
2.8	5.74515e-09
2.805	1.51426e-08
2.81	8.54295e-09
2.815	9.44573e-09
2.82	5.43414e-09
2.825	1.43077e-08
2.83	8.05667e-09
2.835	1.47432e-08
2.84	8.27394e-09
2.845	9.0901e-09
2.85	5.20964e-09
2.855	3.26788e-09
2.86	1.26814e-08
2.865	1.06825e-08
2.87	5.9308e-09
2.875	3.61116e-09
2.88	2.39409e-09
2.885	1.27971e-08
2.89	1.0848e-08
2.895	6.00539e-09
2.9	3.64079e-09
2.905	2.39935e-09
2.91	1.30459e-08
2.915	1.11114e-08
2.92	6.14033e-09
2.925	3.71345e-09
2.93	1.53625e-08
2.935	8.64e-09
2.94	9.63227e-09
2.945	5.48238e-09
2.95	1.46909e-08
2.955	8.21714e-09
2.96	9.1154e-09
2.965	5.17688e-09
2.97	3.2086e-09
2.975	1.27906e-08
2.98	1.07884e-08
2.985	5.9287e-09
2.99	3.56087e-09
2.995	2.31608e-09
3	1.29706e-08
3.005	1.10206e-08
3.01	6.05133e-09
3.015	3.63108e-09
3.02	1.52369e-08
3.025	8.53865e-09
3.03	9.51813e-09
3.035	5.38892e-09
3.04	1.45423e-08
3.045	8.10385e-09
3.05	8.99032e-09
3.055	5.0775e-09
3.06	3.12456e-09
3.065	1.26272e-08
3.07	1.06436e-08
3.075	5.81864e-09
3.08	3.47242e-09
3.085	2.23855e-09
3.09	1.27906e-08
3.095	1.08615e-08
3.1	5.93611e-09
3.105	3.54117e-09
3.11	2.28099e-09
3.115	1.31048e-08
3.12	1.11707e-08
3.125	6.09827e-09
3.13	3.63049e-09
3.135	1.5505e-08
3.14	8.66297e-09
3.145	9.67621e-09
3.15	5.45294e-09
3.155	1.48574e-08
3.16	8.25276e-09
3.165	9.16806e-09
3.17	5.14956e-09
3.175	1.40252e-08
3.18	7.76974e-09
3.185	1.44634e-08
3.19	7.99007e-09
3.195	8.81022e-09
3.2	4.93552e-09
3.205	3.00516e-09
3.21	1.23793e-08
3.215	1.04193e-08
3.22	5.66071e-09
3.225	3.35454e-09
3.23	2.142e-09
3.235	1.2492e-08
3.24	1.05842e-08
3.245	5.74543e-09
3.25	3.39636e-09
3.255	2.162e-09
3.26	1.27401e-08
3.265	1.08444e-08
3.27	5.8884e-09
3.275	3.48038e-09
3.28	1.50548e-08
3.285	8.37508e-09
3.29	9.35599e-09
3.295	5.24142e-09
3.3	1.43891e-08
3.305	7.95317e-09
3.31	8.84333e-09
3.315	4.93693e-09
3.32	2.99141e-09
3.325	1.24805e-08
3.33	1.05191e-08
3.335	5.68554e-09
3.34	3.34198e-09
3.345	2.11046e-09
3.35	1.26645e-08
3.355	1.07503e-08
3.36	5.81435e-09
3.365	3.41912e-09
3.37	2.1589e-09
3.375	1.29987e-08
3.38	1.10715e-08
3.385	5.9864e-09
3.39	3.51518e-09
3.395	1.54291e-08
3.4	8.55587e-09
3.405	9.58175e-09
3.41	5.34223e-09
3.415	1.4786e-08
3.42	8.14823e-09
3.425	9.07439e-09
3.43	5.03883e-09
3.435	1.39558e-08
3.44	7.6664e-09
3.445	1.4405e-08
3.45	7.89491e-09
3.455	8.71776e-09
3.46	4.82469e-09
3.465	2.89585e-09
3.47	1.23181e-08
3.475	1.03441e-08
3.48	5.56433e-09
3.485	3.25025e-09
3.49	2.03573e-09
3.495	1.2446e-08
3.5	1.05212e-08
3.505	5.65825e-09
3.51	3.30026e-09
3.515	2.06207e-09
3.52	1.27111e-08
3.525	1.07971e-08
3.53	5.8107e-09
3.535	3.39291e-09
3.54	1.50526e-08
3.545	8.32045e-09
3.55	9.30892e-09
3.555	5.16369e-09
3.56	1.43887e-08
3.565	7.90345e-09
3.57	8.79793e-09
3.575	4.86277e-09
3.58	2.91155e-09
3.585	1.24821e-08
3.59	1.04943e-08
3.595	5.62971e-09
3.6	3.26886e-09
3.605	2.03077e-09
3.61	1.26821e-08
3.615	1.07412e-08
3.62	5.77035e-09
3.625	3.35664e-09
3.63	1.49716e-08
3.635	8.26563e-09
3.64	9.2419e-09
3.645	5.11741e-09
3.65	1.42855e-08
3.655	7.83816e-09
3.66	8.72167e-09
3.665	4.81178e-09
3.67	2.87114e-09
3.675	1.23772e-08
3.68	1.03965e-08
3.685	5.56829e-09
3.69	3.22467e-09
3.695	1.99451e-09
3.7	1.25637e-08
3.705	1.06322e-08
3.71	5.70435e-09
3.715	3.31039e-09
3.72	2.05024e-09
3.725	1.29051e-08
3.73	1.09617e-08
3.735	5.88453e-09
3.74	3.41541e-09
3.745	1.53355e-08
3.75	8.46911e-09
3.755	9.48179e-09
3.76	5.25116e-09
3.765	1.47012e-08
3.77	8.06805e-09
3.775	8.98296e-09
3.78	4.9534e-09
3.785	1.388e-08
3.79	7.59458e-09
3.795	1.43278e-08
3.8	7.82766e-09
3.805	8.64535e-09
3.81	4.75163e-09
3.815	2.81725e-09
3.82	1.22548e-08
3.825	1.02852e-08
3.83	5.50065e-09
3.835	3.18171e-09
3.84	1.96086e-09
3.845	1.24025e-08
3.85	1.04736e-08
3.855	5.60542e-09
3.86	3.24131e-09
3.865	1.99463e-09
3.87	1.26858e-08
3.875	1.07646e-08
3.88	5.77013e-09
3.885	3.34275e-09
3.89	1.50428e-08
3.895	8.30676e-09
3.9	9.28604e-09
3.905	5.13573e-09
3.91	1.43924e-08
3.915	7.89614e-09
3.92	8.78384e-09
3.925	4.83937e-09
3.93	2.86963e-09
3.935	1.24983e-08
3.94	1.05021e-08
3.945	5.61324e-09
3.95	3.23973e-09
3.955	1.98684e-09
3.96	1.27185e-08
3.965	1.07661e-08
3.97	5.76623e-09
3.975	3.33536e-09
3.98	1.5036e-08
3.985	8.29922e-09
3.99	9.27162e-09
3.995	5.12378e-09
4	1.43616e-08
4.005	7.87719e-09
4.01	8.75743e-09
4.015	4.82132e-09
4.02	2.85368e-09
4.025	1.24581e-08
4.03	1.04567e-08
4.035	5.58755e-09
4.04	3.22038e-09
4.045	1.97152e-09
4.05	1.26657e-08
4.055	1.07113e-08
4.06	5.7361e-09
4.065	3.31331e-09
4.07	1.49646e-08
4.075	8.25575e-09
4.08	9.22371e-09
4.085	5.09357e-09
4.09	1.42869e-08
4.095	7.8329e-09
4.1	8.70869e-09
4.105	4.79145e-09
4.11	2.83251e-09
4.115	1.23924e-08
4.12	1.03917e-08
4.125	5.55216e-09
4.13	3.19722e-09
4.135	1.95361e-09
4.14	1.25948e-08
4.145	1.06463e-08
4.15	5.69892e-09
4.155	3.28947e-09
4.16	1.48787e-08
4.165	8.2058e-09
4.17	9.16879e-09
4.175	5.06132e-09
4.18	1.42021e-08
4.185	7.78454e-09
4.19	8.65547e-09
4.195	4.76064e-09
4.2	2.81086e-09
4.205	1.2321e-08
4.21	1.03262e-08
4.215	5.51599e-09
4.22	3.17444e-09
4.225	1.93599e-09
4.23	1.25224e-08
4.235	1.05796e-08
4.24	5.66355e-09
4.245	3.26644e-09
4.25	1.4792e-08
4.255	8.15875e-09
4.26	9.11436e-09
4.265	5.02981e-09
4.27	1.41191e-08
4.275	7.73985e-09
4.28	8.60379e-09
4.285	4.73131e-09
4.29	2.79026e-09
4.295	1.22552e-08
4.3	1.02643e-08
4.305	5.48361e-09
4.31	3.15346e-09
4.315	1.92061e-09
4.32	1.24577e-08
4.325	1.05196e-08
4.33	5.63069e-09
4.335	3.24552e-09
4.34	1.98224e-09
4.345	1.28201e-08
4.35	1.08688e-08
4.355	5.82152e-09
4.36	3.35738e-09
4.365	1.52537e-08
4.37	8.41866e-09
4.375	9.42669e-09
4.38	5.20436e-09
4.385	1.46352e-08
4.39	8.02922e-09
4.395	8.93745e-09
4.4	4.91469e-09
4.405	1.38292e-08
4.41	7.56755e-09
4.415	1.42925e-08
4.42	7.80576e-09
4.425	8.61522e-09
4.43	4.72439e-09
4.435	2.77821e-09
4.44	1.22588e-08
4.445	1.02602e-08
4.45	5.481e-09
4.455	3.15222e-09
4.46	1.92098e-09
4.465	1.24291e-08
4.47	1.04762e-08
4.475	5.59768e-09
4.48	3.21918e-09
4.485	1.9608e-09
4.49	1.27373e-08
4.495	1.07933e-08
4.5	5.77657e-09
4.505	3.32815e-09
4.51	1.51251e-08
4.515	8.34518e-09
4.52	9.34021e-09
4.525	5.14909e-09
4.53	1.449e-08
4.535	7.94455e-09
4.54	8.84662e-09
4.545	4.85894e-09
4.55	1.36776e-08
4.555	7.47862e-09
4.56	1.41291e-08
4.565	7.70987e-09
4.57	8.51413e-09
4.575	4.66244e-09
4.58	2.73825e-09
4.585	1.21042e-08
4.59	1.01305e-08
4.595	5.40601e-09
4.6	3.10548e-09
4.605	1.89058e-09
4.61	1.22603e-08
4.615	1.03349e-08
4.62	5.51804e-09
4.625	3.16954e-09
4.63	1.92896e-09
4.635	1.25559e-08
4.64	1.06406e-08
4.645	5.69175e-09
4.65	3.27583e-09
4.655	1.49074e-08
4.66	8.21834e-09
4.665	9.20275e-09
4.67	5.06835e-09
4.675	1.42766e-08
4.68	7.82091e-09
4.685	8.71449e-09
4.69	4.78157e-09
4.695	2.81521e-09
4.7	1.2423e-08
4.705	1.04255e-08
4.71	5.56325e-09
4.715	3.1911e-09
4.72	1.93926e-09
4.725	1.26621e-08
4.73	1.07103e-08
4.735	5.72602e-09
4.74	3.29297e-09
4.745	1.49929e-08
4.75	8.25865e-09
4.755	9.24693e-09
4.76	5.08945e-09
4.765	1.43376e-08
4.77	7.849e-09
4.775	8.7453e-09
4.78	4.79641e-09
4.785	2.82195e-09
4.79	1.24593e-08
4.795	1.04525e-08
4.8	5.57542e-09
4.805	3.19659e-09
4.81	1.9423e-09
4.815	1.2687e-08
4.82	1.07299e-08
4.825	5.73428e-09
4.83	3.29619e-09
4.835	1.50132e-08
4.84	8.26843e-09
4.845	9.25669e-09
4.85	5.09472e-09
4.855	1.43526e-08
4.86	7.85655e-09
4.865	8.75206e-09
4.87	4.79982e-09
4.875	2.8225e-09
4.88	1.24679e-08
4.885	1.0463e-08
4.89	5.57733e-09
4.895	3.19733e-09
4.9	1.94243e-09
4.905	1.26923e-08
4.91	1.07381e-08
4.915	5.73551e-09
4.92	3.29631e-09
4.925	1.50158e-08
4.93	8.27111e-09
4.935	9.25832e-09
4.94	5.09637e-09
4.945	1.43543e-08
4.95	7.85824e-09
4.955	8.75335e-09
4.96	4.80081e-09
4.965	2.82275e-09
4.97	1.24682e-08
4.975	1.04679e-08
4.98	5.57751e-09
4.985	3.1973e-09
4.99	1.45912e-08
4.995	8.02076e-09
5	8.9591e-09
5.005	4.92607e-09
5.01	1.38514e-08
5.015	7.57196e-09
5.02	1.4331e-08
5.025	7.81308e-09
5.03	8.64204e-09
5.035	4.73009e-09
5.04	2.77576e-09
5.045	1.2293e-08
5.05	1.03102e-08
5.055	5.49271e-09
5.06	3.15164e-09
5.065	1.91819e-09
5.07	1.24664e-08
5.075	1.05326e-08
5.08	5.61374e-09
5.085	3.22167e-09
5.09	1.46914e-08
5.095	8.07752e-09
5.1	9.04449e-09
5.105	4.97432e-09
5.11	1.40079e-08
5.115	7.65825e-09
5.12	8.52835e-09
5.125	4.67077e-09
5.13	2.74473e-09
5.135	1.21283e-08
5.14	1.01815e-08
5.145	5.41741e-09
5.15	3.10407e-09
5.155	1.88617e-09
5.16	1.2319e-08
5.165	1.04261e-08
5.17	5.55924e-09
5.175	3.19348e-09
5.18	1.94695e-09
5.185	1.26678e-08
5.19	1.0769e-08
5.195	5.74903e-09
5.2	3.30598e-09
5.205	1.50937e-08
5.21	8.31118e-09
5.215	9.32389e-09
5.22	5.13394e-09
5.225	1.44893e-08
5.23	7.92831e-09
5.235	8.8449e-09
5.24	4.85046e-09
5.245	1.36984e-08
5.25	7.47326e-09
5.255	1.41591e-08
5.26	7.70925e-09
5.265	8.52903e-09
5.27	4.66441e-09
5.275	2.73868e-09
5.28	1.2124e-08
5.285	1.01746e-08
5.29	5.4159e-09
5.295	3.10868e-09
5.3	1.89355e-09
5.305	1.2294e-08
5.31	1.03911e-08
5.315	5.53576e-09
5.32	3.17778e-09
5.325	1.93487e-09
5.33	1.26061e-08
5.335	1.07105e-08
5.34	5.71646e-09
5.345	3.29029e-09
5.35	1.50004e-08
5.355	8.25609e-09
5.36	9.25621e-09
5.365	5.09403e-09
5.37	1.43811e-08
5.375	7.86399e-09
5.38	8.77203e-09
5.385	4.80872e-09
5.39	1.35824e-08
5.395	7.40643e-09
5.4	1.40342e-08
5.405	7.63731e-09
5.41	8.44854e-09
5.415	4.61741e-09
5.42	2.71266e-09
5.425	1.20075e-08
5.43	1.00762e-08
5.435	5.36251e-09
5.44	3.07833e-09
5.445	1.87538e-09
5.45	1.21698e-08
5.455	1.02851e-08
5.46	5.47887e-09
5.465	3.14534e-09
5.47	1.91564e-09
5.475	1.24731e-08
5.48	1.05979e-08
5.485	5.65534e-09
5.49	3.25582e-09
5.495	1.48399e-08
5.5	8.1672e-09
5.505	9.15598e-09
5.51	5.03731e-09
5.515	1.42238e-08
5.52	7.77638e-09
5.525	8.67463e-09
5.53	4.75336e-09
5.535	2.80315e-09
5.54	1.23637e-08
5.545	1.04028e-08
5.55	5.53789e-09
5.555	3.17744e-09
5.56	1.93317e-09
5.565	1.26122e-08
5.57	1.06937e-08
5.575	5.70626e-09
5.58	3.28342e-09
5.585	1.4963e-08
5.59	8.23223e-09
5.595	9.22289e-09
5.6	5.07334e-09
5.605	1.43173e-08
5.61	7.82623e-09
5.615	8.72505e-09
5.62	4.78013e-09
5.625	1.35027e-08
5.63	7.35973e-09
5.635	1.39433e-08
5.64	7.58563e-09
5.645	8.3866e-09
5.65	4.5814e-09
5.655	2.69296e-09
5.66	1.19131e-08
5.665	9.99363e-09
5.67	5.3192e-09
5.675	3.05245e-09
5.68	1.85962e-09
5.685	1.20632e-08
5.69	1.01912e-08
5.695	5.43031e-09
5.7	3.11667e-09
5.705	1.89806e-09
5.71	1.2355e-08
5.715	1.04936e-08
5.72	5.60241e-09
5.725	3.22369e-09
5.73	1.46942e-08
5.735	8.08699e-09
5.74	9.06292e-09
5.745	4.9868e-09
5.75	1.40753e-08
5.755	7.69664e-09
5.76	8.58002e-09
5.765	4.70433e-09
5.77	2.77312e-09
5.775	1.22322e-08
5.78	1.02861e-08
5.785	5.47978e-09
5.79	3.14259e-09
5.795	1.91298e-09
5.8	1.24737e-08
5.805	1.05723e-08
5.81	5.6459e-09
5.815	3.24709e-09
5.82	1.47923e-08
5.825	8.1432e-09
5.83	9.11612e-09
5.835	5.01874e-09
5.84	1.41511e-08
5.845	7.74114e-09
5.85	8.62094e-09
5.855	4.72844e-09
5.86	2.78651e-09
5.865	1.22891e-08
5.87	1.03267e-08
5.875	5.50307e-09
5.88	3.15502e-09
5.885	1.92031e-09
5.89	1.25225e-08
5.895	1.06063e-08
5.9	5.666e-09
5.905	3.25774e-09
5.91	1.48383e-08
5.915	8.16977e-09
5.92	9.14145e-09
5.925	5.03391e-09
5.93	1.41889e-08
5.935	7.76341e-09
5.94	8.64247e-09
5.945	4.74106e-09
5.95	2.79349e-09
5.955	1.2318e-08
5.96	1.03494e-08
5.965	5.51514e-09
5.97	3.16233e-09
5.975	1.92416e-09
5.98	1.25489e-08
5.985	1.0626e-08
5.99	5.6766e-09
5.995	3.26408e-09
6	1.48636e-08
6.005	8.18451e-09
6.01	9.15544e-09
6.015	5.04234e-09
6.02	1.42103e-08
6.025	7.77645e-09
6.03	8.65553e-09
6.035	4.74828e-09
6.04	2.79785e-09
6.045	1.23356e-08
6.05	1.03623e-08
6.055	5.52245e-09
6.06	3.16683e-09
6.065	1.92652e-09
6.07	1.25645e-08
6.075	1.06378e-08
6.08	5.68321e-09
6.085	3.26822e-09
6.09	1.48813e-08
6.095	8.19448e-09
6.1	9.16675e-09
6.105	5.04804e-09
6.11	1.4226e-08
6.115	7.78485e-09
6.12	8.66503e-09
6.125	4.75365e-09
6.13	2.80103e-09
6.135	1.23462e-08
6.14	1.03699e-08
6.145	5.52705e-09
6.15	3.17008e-09
6.155	1.92826e-09
6.16	1.25734e-08
6.165	1.06444e-08
6.17	5.68693e-09
6.175	3.27156e-09
6.18	1.48899e-08
6.185	8.20046e-09
6.19	9.17274e-09
6.195	5.05195e-09
6.2	1.42327e-08
6.205	7.78975e-09
6.21	8.66947e-09
6.215	4.75704e-09
6.22	2.80282e-09
6.225	1.23526e-08
6.23	1.03739e-08
6.235	5.52985e-09
6.24	3.1723e-09
6.245	1.92889e-09
6.25	1.25774e-08
6.255	1.06471e-08
6.26	5.68932e-09
6.265	3.27354e-09
6.27	1.48915e-08
6.275	8.20404e-09
6.28	9.17436e-09
6.285	5.05414e-09
6.29	1.42342e-08
6.295	7.79108e-09
6.3	8.6705e-09
6.305	4.75791e-09
6.31	2.80328e-09
6.315	1.23548e-08
6.32	1.03733e-08
6.325	5.53029e-09
6.33	3.17318e-09
6.335	1.44631e-08
6.34	7.95161e-09
6.345	8.8719e-09
6.35	4.88254e-09
6.355	1.37229e-08
6.36	7.50323e-09
6.365	1.41959e-08
6.37	7.7426e-09
6.375	8.55196e-09
6.38	4.68214e-09
6.385	2.753e-09
6.39	1.21656e-08
6.395	1.02022e-08
6.4	5.43875e-09
6.405	3.12491e-09
6.41	1.90242e-09
6.415	1.2336e-08
6.42	1.04176e-08
6.425	5.55891e-09
6.43	3.19577e-09
6.435	1.45383e-08
6.44	8.00052e-09
6.445	8.94421e-09
6.45	4.92484e-09
6.455	1.38533e-08
6.46	7.58004e-09
6.465	8.42813e-09
6.47	4.61966e-09
6.475	2.7191e-09
6.48	1.19886e-08
6.485	1.00534e-08
6.49	5.35625e-09
6.495	3.07423e-09
6.5	1.86749e-09
6.505	1.21746e-08
6.51	1.02926e-08
6.515	5.49696e-09
6.52	3.16316e-09
6.525	1.92717e-09
6.53	1.25206e-08
6.535	1.06301e-08
6.54	5.68407e-09
6.545	3.27432e-09
6.55	1.4908e-08
6.555	8.22327e-09
6.56	9.20672e-09
6.565	5.07715e-09
6.57	1.43013e-08
6.575	7.83843e-09
6.58	8.7273e-09
6.585	4.79122e-09
6.59	1.35079e-08
6.595	7.38205e-09
6.6	1.39595e-08
6.605	7.61625e-09
6.61	8.40269e-09
6.615	4.59982e-09
6.62	2.7027e-09
6.625	1.19486e-08
6.63	1.00114e-08
6.635	5.33908e-09
6.64	3.0683e-09
6.645	1.86783e-09
6.65	1.21124e-08
6.655	1.02186e-08
6.66	5.45482e-09
6.665	3.13526e-09
6.67	1.90791e-09
6.675	1.24152e-08
6.68	1.05294e-08
6.685	5.63239e-09
6.69	3.24483e-09
6.695	1.47529e-08
6.7	8.1421e-09
6.705	9.10457e-09
6.71	5.02009e-09
6.715	1.41305e-08
6.72	7.7473e-09
6.725	8.61878e-09
6.73	4.73413e-09
6.735	2.7887e-09
6.74	1.22923e-08
6.745	1.03184e-08
6.75	5.50644e-09
6.755	3.16247e-09
6.76	1.92142e-09
6.765	1.25357e-08
6.77	1.06039e-08
6.775	5.67296e-09
6.78	3.26619e-09
6.785	1.48438e-08
6.79	8.19074e-09
6.795	9.15131e-09
6.8	5.04562e-09
6.805	1.41879e-08
6.81	7.77986e-09
6.815	8.6485e-09
6.82	4.75018e-09
6.825	2.79649e-09
6.83	1.23292e-08
6.835	1.03376e-08
6.84	5.51885e-09
6.845	3.16772e-09
6.85	1.92422e-09
6.855	1.25569e-08
6.86	1.0612e-08
6.865	5.67911e-09
6.87	3.26784e-09
6.875	1.48517e-08
6.88	8.19325e-09
6.885	9.15214e-09
6.89	5.04588e-09
6.895	1.41848e-08
6.9	7.77793e-09
6.905	8.64313e-09
6.91	4.7477e-09
6.915	2.79423e-09
6.92	1.23212e-08
6.925	1.03236e-08
6.93	5.513e-09
6.935	3.16326e-09
6.94	1.92129e-09
6.945	1.25413e-08
6.95	1.05933e-08
6.955	5.67047e-09
6.96	3.26186e-09
6.965	1.48242e-08
6.97	8.17713e-09
6.975	9.13265e-09
6.98	5.03523e-09
6.985	1.41539e-08
6.99	7.76003e-09
6.995	8.62209e-09
7	4.73655e-09
7.005	2.78681e-09
7.01	1.22911e-08
7.015	1.0295e-08
7.02	5.49847e-09
7.025	3.15455e-09
7.03	1.9156e-09
7.035	1.25059e-08
7.04	1.05618e-08
7.045	5.65334e-09
7.05	3.25158e-09
7.055	1.47788e-08
7.06	8.15148e-09
7.065	9.10319e-09
7.07	5.01916e-09
7.075	1.41077e-08
7.08	7.73455e-09
7.085	8.5921e-09
7.09	4.72064e-09
7.095	2.77653e-09
7.1	1.2247e-08
7.105	1.02614e-08
7.11	5.47753e-09
7.115	3.14277e-09
7.12	1.90801e-09
7.125	1.2458e-08
7.13	1.05253e-08
7.135	5.63069e-09
7.14	3.23868e-09
7.145	1.47212e-08
7.15	8.11843e-09
7.155	9.06626e-09
7.16	4.99857e-09
7.165	1.40518e-08
7.17	7.70207e-09
7.175	8.55803e-09
7.18	4.70071e-09
7.185	2.76471e-09
7.19	1.21953e-08
7.195	1.02211e-08
7.2	5.45351e-09
7.205	3.12921e-09
7.21	1.89994e-09
7.215	1.24047e-08
7.22	1.0482e-08
7.225	5.60529e-09
7.23	3.22397e-09
7.235	1.466e-08
7.24	8.08177e-09
7.245	9.02784e-09
7.25	4.97536e-09
7.255	1.39908e-08
7.26	7.66596e-09
7.265	8.51988e-09
7.27	4.67786e-09
7.275	2.75197e-09
7.28	1.21401e-08
7.285	1.0175e-08
7.29	5.42758e-09
7.295	3.11381e-09
7.3	1.89116e-09
7.305	1.23469e-08
7.31	1.04336e-08
7.315	5.5782e-09
7.32	3.20759e-09
7.325	1.45922e-08
7.33	8.0408e-09
7.335	8.98453e-09
7.34	4.94932e-09
7.345	1.39254e-08
7.35	7.62593e-09
7.355	8.47833e-09
7.36	4.65286e-09
7.365	2.73824e-09
7.37	1.20794e-08
7.375	1.01233e-08
7.38	5.40021e-09
7.385	3.09653e-09
7.39	1.88166e-09
7.395	1.22847e-08
7.4	1.03805e-08
7.405	5.54819e-09
7.41	3.18974e-09
7.415	1.45196e-08
7.42	7.9959e-09
7.425	8.94025e-09
7.43	4.92136e-09
7.435	1.38545e-08
7.44	7.58334e-09
7.445	8.43593e-09
7.45	4.62641e-09
7.455	2.7237e-09
7.46	1.20149e-08
7.465	1.00724e-08
7.47	5.37083e-09
7.475	3.07885e-09
7.48	1.87174e-09
7.485	1.22158e-08
7.49	1.03285e-08
7.495	5.51771e-09
7.5	3.17146e-09
7.505	1.93447e-09
7.51	1.25741e-08
7.515	1.06793e-08
7.52	5.70926e-09
7.525	3.28441e-09
7.53	1.49821e-08
7.535	8.25336e-09
7.54	9.25325e-09
7.545	5.09706e-09
7.55	1.43703e-08
7.555	7.86954e-09
7.56	8.7704e-09
7.565	4.81049e-09
7.57	1.35715e-08
7.575	7.41033e-09
7.58	1.4029e-08
7.585	7.64362e-09
7.59	8.44433e-09
7.595	4.61863e-09
7.6	2.71281e-09
7.605	1.20047e-08
7.61	1.00651e-08
7.615	5.36273e-09
7.62	3.07791e-09
7.625	1.87486e-09
7.63	1.21646e-08
7.635	1.02772e-08
7.64	5.47883e-09
7.645	3.14391e-09
7.65	1.91425e-09
7.655	1.24646e-08
7.66	1.05886e-08
7.665	5.65399e-09
7.67	3.25236e-09
7.675	1.48211e-08
7.68	8.16138e-09
7.685	9.14453e-09
7.69	5.03157e-09
7.695	1.41909e-08
7.7	7.76383e-09
7.705	8.65325e-09
7.71	4.74302e-09
7.715	1.33825e-08
7.72	7.30097e-09
7.725	1.3824e-08
7.73	7.52636e-09
7.735	8.313e-09
7.74	4.5433e-09
7.745	2.66658e-09
7.75	1.1806e-08
7.755	9.90497e-09
7.76	5.27046e-09
7.765	3.02321e-09
7.77	1.84092e-09
7.775	1.19497e-08
7.78	1.01015e-08
7.785	5.379e-09
7.79	3.08544e-09
7.795	1.87815e-09
7.8	1.22348e-08
7.805	1.03981e-08
7.81	5.54635e-09
7.815	3.18967e-09
7.82	1.45432e-08
7.825	8.00381e-09
7.83	8.96787e-09
7.835	4.93208e-09
7.84	1.39213e-08
7.845	7.61013e-09
7.85	8.48163e-09
7.855	4.64724e-09
7.86	2.73601e-09
7.865	1.20803e-08
7.87	1.01649e-08
7.875	5.40723e-09
7.88	3.10024e-09
7.885	1.88533e-09
7.89	1.23066e-08
7.895	1.04387e-08
7.9	5.56473e-09
7.905	3.19906e-09
7.91	1.45868e-08
7.915	8.02339e-09
7.92	8.98233e-09
7.925	4.94037e-09
7.93	1.39401e-08
7.935	7.61744e-09
7.94	8.48545e-09
7.945	4.64876e-09
7.95	2.73589e-09
7.955	1.20794e-08
7.96	1.016e-08
7.965	5.40391e-09
7.97	3.09733e-09
7.975	1.88422e-09
7.98	1.22961e-08
7.985	1.04253e-08
7.99	5.55776e-09
7.995	3.19342e-09
8	1.45648e-08
8.005	8.0091e-09
8.01	8.96522e-09
8.015	4.93042e-09
8.02	1.39128e-08
8.025	7.60059e-09
8.03	8.46647e-09
8.035	4.63767e-09
8.04	2.7299e-09
8.045	1.20511e-08
8.05	1.0136e-08
8.055	5.39059e-09
8.06	3.08869e-09
8.065	1.8794e-09
8.07	1.22635e-08
8.075	1.03965e-08
8.08	5.54224e-09
8.085	3.18386e-09
8.09	1.45254e-08
8.095	7.98494e-09
8.1	8.93957e-09
8.105	4.91551e-09
8.11	1.38714e-08
8.115	7.57689e-09
8.12	8.44021e-09
8.125	4.62308e-09
8.13	2.72169e-09
8.135	1.20149e-08
8.14	1.01039e-08
8.145	5.37466e-09
8.15	3.07925e-09
8.155	1.87339e-09
8.16	1.22264e-08
8.165	1.03637e-08
8.17	5.5259e-09
8.175	3.17433e-09
8.18	1.93771e-09
8.185	1.25959e-08
8.19	1.07188e-08
8.195	5.72186e-09
8.2	3.2903e-09
8.205	1.5026e-08
8.21	8.26944e-09
8.215	9.27508e-09
8.22	5.1072e-09
8.225	1.44224e-08
8.23	7.88805e-09
8.235	8.79523e-09
8.24	4.82285e-09
8.245	1.36289e-08
8.25	7.43138e-09
8.255	1.40919e-08
8.26	7.66914e-09
8.265	8.47537e-09
8.27	4.63421e-09
8.275	2.72291e-09
8.28	1.20523e-08
8.285	1.0124e-08
8.29	5.3871e-09
8.295	3.09039e-09
8.3	1.88387e-09
8.305	1.22266e-08
8.31	1.03409e-08
8.315	5.50849e-09
8.32	3.15976e-09
8.325	1.9253e-09
8.33	1.25409e-08
8.335	1.06601e-08
8.34	5.68937e-09
8.345	3.27134e-09
8.35	1.4923e-08
8.355	8.2088e-09
8.36	9.20092e-09
8.365	5.0613e-09
8.37	1.42947e-08
8.375	7.81299e-09
8.38	8.71054e-09
8.385	4.77381e-09
8.39	1.3486e-08
8.395	7.35171e-09
8.4	1.39358e-08
8.405	7.58199e-09
8.41	8.37685e-09
8.415	4.57827e-09
8.42	2.69005e-09
8.425	1.1908e-08
8.43	9.99559e-09
8.435	5.32009e-09
8.44	3.05091e-09
8.445	1.85965e-09
8.45	1.20716e-08
8.455	1.02033e-08
8.46	5.43621e-09
8.465	3.11775e-09
8.47	1.90003e-09
8.475	1.23737e-08
8.48	1.05152e-08
8.485	5.61241e-09
8.49	3.22742e-09
8.495	1.4721e-08
8.5	8.09682e-09
8.505	9.07638e-09
8.51	4.99202e-09
8.515	1.40981e-08
8.52	7.70557e-09
8.525	8.59161e-09
8.53	4.70781e-09
8.535	2.77558e-09
8.54	1.22497e-08
8.545	1.03062e-08
8.55	5.48868e-09
8.555	3.14616e-09
8.56	1.91533e-09
8.565	1.24967e-08
8.57	1.05967e-08
8.575	5.6548e-09
8.58	3.2513e-09
8.585	1.48251e-08
8.59	8.15305e-09
8.595	9.13365e-09
8.6	5.02335e-09
8.605	1.41774e-08
8.61	7.74786e-09
8.615	8.63635e-09
8.62	4.73091e-09
8.625	1.33623e-08
8.63	7.28265e-09
8.635	1.38025e-08
8.64	7.50838e-09
8.645	8.29948e-09
8.65	4.53229e-09
8.655	2.6634e-09
8.66	1.17889e-08
8.665	9.89498e-09
8.67	5.26566e-09
8.675	3.01994e-09
8.68	1.84079e-09
8.685	1.19433e-08
8.69	1.00958e-08
8.695	5.37768e-09
8.7	3.08464e-09
8.705	1.87945e-09
8.71	1.22377e-08
8.715	1.04008e-08
8.72	5.55001e-09
8.725	3.19198e-09
8.73	1.45591e-08
8.735	8.00802e-09
8.74	8.97889e-09
8.745	4.9368e-09
8.75	1.39436e-08
8.755	7.62089e-09
8.76	8.501e-09
8.765	4.65567e-09
8.77	2.74475e-09
8.775	1.21132e-08
8.78	1.01941e-08
8.785	5.42743e-09
8.79	3.11121e-09
8.795	1.89345e-09
8.8	1.2355e-08
8.805	1.04801e-08
8.81	5.59167e-09
8.815	3.21461e-09
8.82	1.46578e-08
8.825	8.06336e-09
8.83	9.03506e-09
8.835	4.96826e-09
8.84	1.4022e-08
8.845	7.66574e-09
8.85	8.54554e-09
8.855	4.681e-09
8.86	2.75768e-09
8.865	1.2173e-08
8.87	1.02402e-08
8.875	5.45153e-09
8.88	3.12476e-09
8.885	1.90104e-09
8.89	1.24089e-08
8.895	1.05224e-08
8.9	5.61362e-09
8.905	3.22686e-09
8.91	1.47104e-08
8.915	8.09633e-09
8.92	9.06732e-09
8.925	4.98839e-09
8.93	1.40714e-08
8.935	7.69541e-09
8.94	8.57478e-09
8.945	4.69901e-09
8.95	2.76698e-09
8.955	1.22159e-08
8.96	1.02749e-08
8.965	5.47011e-09
8.97	3.13594e-09
8.975	1.90728e-09
8.98	1.24519e-08
8.985	1.05574e-08
8.99	5.63279e-09
8.995	3.23838e-09
9	1.47622e-08
9.005	8.12657e-09
9.01	9.09812e-09
9.015	5.00773e-09
9.02	1.41219e-08
9.025	7.72467e-09
9.03	8.60466e-09
9.035	4.71788e-09
9.04	2.77682e-09
9.045	1.22613e-08
9.05	1.03107e-08
9.055	5.49119e-09
9.06	3.14879e-09
9.065	1.43799e-08
9.07	7.90069e-09
9.075	8.82599e-09
9.08	4.85364e-09
9.085	1.36624e-08
9.09	7.46579e-09
9.095	1.41487e-08
9.1	7.71141e-09
9.105	8.52299e-09
9.11	4.66396e-09
9.115	2.73958e-09
9.12	1.21336e-08
9.125	1.01913e-08
9.13	5.42977e-09
9.135	3.11671e-09
9.14	1.89765e-09
9.145	1.23326e-08
9.15	1.04312e-08
9.155	5.56214e-09
9.16	3.19266e-09
9.165	1.45685e-08
9.17	8.00854e-09
9.175	8.96804e-09
9.18	4.93474e-09
9.185	1.3903e-08
9.19	7.60206e-09
9.195	8.46409e-09
9.2	4.63787e-09
9.205	2.72603e-09
9.21	1.20522e-08
9.215	1.01246e-08
9.22	5.39197e-09
9.225	3.09027e-09
9.23	1.87734e-09
9.235	1.22712e-08
9.24	1.03942e-08
9.245	5.54646e-09
9.25	3.18604e-09
9.255	1.45345e-08
9.26	7.99595e-09
9.265	8.95454e-09
9.27	4.92682e-09
9.275	1.38925e-08
9.28	7.59736e-09
9.285	8.46415e-09
9.29	4.64049e-09
9.295	2.72855e-09
9.3	1.20632e-08
9.305	1.01396e-08
9.31	5.40046e-09
9.315	3.09561e-09
9.32	1.88022e-09
9.325	1.22961e-08
9.33	1.04221e-08
9.335	5.56183e-09
9.34	3.19583e-09
9.345	1.45777e-08
9.35	8.02196e-09
9.355	8.98561e-09
9.36	4.94489e-09
9.365	1.39466e-08
9.37	7.62786e-09
9.375	8.50074e-09
9.38	4.66119e-09
9.385	2.74176e-09
9.39	1.212e-08
9.395	1.01928e-08
9.4	5.42812e-09
9.405	3.11179e-09
9.41	1.89013e-09
9.415	1.23623e-08
9.42	1.04839e-08
9.425	5.59421e-09
9.43	3.2148e-09
9.435	1.46685e-08
9.44	8.0702e-09
9.445	9.04277e-09
9.45	4.97599e-09
9.455	1.40408e-08
9.46	7.67876e-09
9.465	8.55979e-09
9.47	4.69288e-09
9.475	2.76133e-09
9.48	1.22064e-08
9.485	1.02677e-08
9.49	5.46827e-09
9.495	3.13443e-09
9.5	1.9044e-09
9.505	1.24576e-08
9.51	1.05642e-08
9.515	5.63847e-09
9.52	3.23964e-09
9.525	1.47876e-08
9.53	8.13469e-09
9.535	9.11848e-09
9.54	5.01656e-09
9.545	1.41603e-08
9.55	7.74353e-09
9.555	8.63488e-09
9.56	4.73328e-09
9.565	1.33667e-08
9.57	7.29161e-09
9.575	1.38193e-08
9.58	7.52282e-09
9.585	8.31987e-09
9.59	4.5483e-09
9.595	2.66926e-09
9.6	1.18324e-08
9.605	9.93463e-09
9.61	5.29005e-09
9.615	3.03383e-09
9.62	1.8459e-09
9.625	1.2014e-08
9.63	1.01615e-08
9.635	5.41478e-09
9.64	3.10565e-09
9.645	1.88891e-09
9.65	1.23397e-08
9.655	1.04936e-08
9.66	5.60181e-09
9.665	3.21983e-09
9.67	1.47091e-08
9.675	8.09277e-09
9.68	9.08309e-09
9.685	4.99579e-09
9.69	1.41165e-08
9.695	7.71863e-09
9.7	8.61817e-09
9.705	4.72336e-09
9.71	1.33486e-08
9.715	7.28171e-09
9.72	1.38119e-08
9.725	7.51868e-09
9.73	8.32081e-09
9.735	4.54872e-09
9.74	2.66917e-09
9.745	1.18428e-08
9.75	9.9486e-09
9.755	5.29956e-09
9.76	3.03903e-09
9.765	1.84923e-09
9.77	1.20426e-08
9.775	1.01898e-08
9.78	5.43105e-09
9.785	3.1141e-09
9.79	1.89463e-09
9.795	1.2382e-08
9.8	1.05343e-08
9.805	5.6238e-09
9.81	3.23156e-09
9.815	1.47727e-08
9.82	8.12599e-09
9.825	9.12624e-09
9.83	5.0176e-09
9.835	1.41871e-08
9.84	7.7566e-09
9.845	8.66407e-09
9.85	4.74728e-09
9.855	1.34236e-08
9.86	7.32179e-09
9.865	1.38938e-08
9.87	7.56194e-09
9.875	8.37364e-09
9.88	4.57599e-09
9.885	2.68484e-09
9.89	1.19195e-08
9.895	1.00171e-08
9.9	5.33451e-09
9.905	3.05813e-09
9.91	1.86126e-09
9.915	1.2125e-08
9.92	1.02672e-08
9.925	5.46961e-09
9.93	3.13481e-09
9.935	1.90768e-09
9.94	1.2473e-08
9.945	1.06197e-08
9.95	5.66627e-09
9.955	3.25449e-09
9.96	1.4889e-08
9.965	8.1877e-09
9.97	9.2009e-09
9.975	5.05651e-09
9.98	1.43082e-08
9.985	7.8194e-09
9.99	8.73945e-09
9.995	4.78664e-09
10	1.35446e-08
