/*--------------------------------*- C++ -*----------------------------------*\
| =========                 |                                                 |
| \\      /  F ield         | OpenFOAM: The Open Source CFD Toolbox           |
|  \\    /   O peration     | Version:  2412                                  |
|   \\  /    A nd           | Website:  www.openfoam.com                      |
|    \\/     M anipulation  |                                                 |
\*---------------------------------------------------------------------------*/
FoamFile
{
    version     2.0;
    format      ascii;
    arch        "LSB;label=32;scalar=64";
    class       volScalarField;
    location    "0.06";
    object      nut;
}
// * * * * * * * * * * * * * * * * * * * * * * * * * * * * * * * * * * * * * //

dimensions      [0 2 -1 0 0 0 0];

internalField   uniform 0;

boundaryField
{
    walls
    {
        type            nutUSpaldingWallFunction;
        value           nonuniform List<scalar> 
2000
(
6.5785e-09
9.55756e-09
1.25037e-08
1.48755e-08
1.61991e-08
1.61991e-08
1.48755e-08
1.25037e-08
9.55757e-09
6.5785e-09
6.40172e-09
9.29581e-09
1.2161e-08
1.44708e-08
1.57612e-08
1.57612e-08
1.44708e-08
1.2161e-08
9.2958e-09
6.40172e-09
4.65902e-09
6.76497e-09
8.85181e-09
1.0537e-08
1.14793e-08
1.14793e-08
1.0537e-08
8.85182e-09
6.76499e-09
4.65903e-09
5.84137e-09
8.48291e-09
1.1098e-08
1.32075e-08
1.43863e-08
1.43863e-08
1.32075e-08
1.1098e-08
8.48292e-09
5.84137e-09
5.14525e-09
7.4716e-09
9.77605e-09
1.16362e-08
1.2676e-08
1.2676e-08
1.16362e-08
9.77606e-09
7.47161e-09
5.14525e-09
5.59337e-09
8.12268e-09
1.06272e-08
1.2648e-08
1.37773e-08
1.37773e-08
1.2648e-08
1.06272e-08
8.12268e-09
5.59337e-09
5.30939e-09
7.71016e-09
1.0088e-08
1.20071e-08
1.30798e-08
1.30798e-08
1.20071e-08
1.0088e-08
7.71017e-09
5.3094e-09
5.48774e-09
7.96923e-09
1.04266e-08
1.24096e-08
1.35179e-08
1.35179e-08
1.24096e-08
1.04266e-08
7.96924e-09
5.48774e-09
5.37467e-09
7.80501e-09
1.0212e-08
1.21545e-08
1.32403e-08
1.32403e-08
1.21545e-08
1.0212e-08
7.80502e-09
5.37467e-09
5.44608e-09
7.90871e-09
1.03475e-08
1.23155e-08
1.34155e-08
1.34155e-08
1.23155e-08
1.03475e-08
7.90872e-09
5.44608e-09
5.40089e-09
7.8431e-09
1.02618e-08
1.22137e-08
1.33047e-08
1.33047e-08
1.22137e-08
1.02618e-08
7.84311e-09
5.40089e-09
5.42949e-09
7.88463e-09
1.03161e-08
1.22781e-08
1.33748e-08
1.33748e-08
1.22781e-08
1.03161e-08
7.88464e-09
5.4295e-09
5.41135e-09
7.8583e-09
1.02817e-08
1.22373e-08
1.33304e-08
1.33304e-08
1.22373e-08
1.02817e-08
7.85831e-09
5.41136e-09
5.42283e-09
7.87494e-09
1.03034e-08
1.22631e-08
1.33585e-08
1.33585e-08
1.22631e-08
1.03034e-08
7.87495e-09
5.42283e-09
5.41551e-09
7.86433e-09
1.02895e-08
1.22466e-08
1.33405e-08
1.33405e-08
1.22466e-08
1.02895e-08
7.86434e-09
5.41552e-09
5.42014e-09
7.87105e-09
1.02983e-08
1.22571e-08
1.33519e-08
1.33519e-08
1.22571e-08
1.02983e-08
7.87106e-09
5.42015e-09
5.41722e-09
7.86681e-09
1.02928e-08
1.22505e-08
1.33447e-08
1.33447e-08
1.22505e-08
1.02928e-08
7.86682e-09
5.41723e-09
5.4191e-09
7.86954e-09
1.02964e-08
1.22547e-08
1.33494e-08
1.33494e-08
1.22547e-08
1.02964e-08
7.86955e-09
5.41911e-09
5.41792e-09
7.86783e-09
1.02941e-08
1.22521e-08
1.33465e-08
1.33465e-08
1.22521e-08
1.02941e-08
7.86784e-09
5.41793e-09
5.41865e-09
7.86889e-09
1.02955e-08
1.22537e-08
1.33483e-08
1.33483e-08
1.22537e-08
1.02955e-08
7.8689e-09
5.41866e-09
5.41818e-09
7.8682e-09
1.02946e-08
1.22526e-08
1.33471e-08
1.33471e-08
1.22526e-08
1.02946e-08
7.86821e-09
5.41819e-09
5.41847e-09
7.86862e-09
1.02952e-08
1.22533e-08
1.33478e-08
1.33478e-08
1.22533e-08
1.02952e-08
7.86863e-09
5.41847e-09
5.41831e-09
7.86839e-09
1.02948e-08
1.22529e-08
1.33474e-08
1.33474e-08
1.22529e-08
1.02949e-08
7.8684e-09
5.41832e-09
5.41841e-09
7.86853e-09
1.0295e-08
1.22532e-08
1.33477e-08
1.33477e-08
1.22532e-08
1.0295e-08
7.86854e-09
5.41841e-09
5.41834e-09
7.86843e-09
1.02949e-08
1.2253e-08
1.33475e-08
1.33475e-08
1.2253e-08
1.02949e-08
7.86844e-09
5.41835e-09
5.41837e-09
7.86849e-09
1.0295e-08
1.22531e-08
1.33476e-08
1.33476e-08
1.22531e-08
1.0295e-08
7.8685e-09
5.41838e-09
5.41837e-09
7.86847e-09
1.0295e-08
1.22531e-08
1.33475e-08
1.33475e-08
1.22531e-08
1.0295e-08
7.86848e-09
5.41837e-09
5.41837e-09
7.86848e-09
1.0295e-08
1.22531e-08
1.33475e-08
1.33475e-08
1.22531e-08
1.0295e-08
7.86849e-09
5.41838e-09
5.41837e-09
7.86848e-09
1.0295e-08
1.22531e-08
1.33475e-08
1.33476e-08
1.22531e-08
1.0295e-08
7.86849e-09
5.41838e-09
5.41837e-09
7.86847e-09
1.0295e-08
1.22531e-08
1.33475e-08
1.33475e-08
1.22531e-08
1.0295e-08
7.86848e-09
5.41837e-09
5.41836e-09
7.86847e-09
1.0295e-08
1.22531e-08
1.33475e-08
1.33475e-08
1.22531e-08
1.0295e-08
7.86848e-09
5.41837e-09
5.41836e-09
7.86847e-09
1.0295e-08
1.22531e-08
1.33475e-08
1.33475e-08
1.22531e-08
1.0295e-08
7.86848e-09
5.41837e-09
5.41837e-09
7.86848e-09
1.0295e-08
1.22531e-08
1.33475e-08
1.33475e-08
1.22531e-08
1.0295e-08
7.86848e-09
5.41837e-09
5.41837e-09
7.86847e-09
1.0295e-08
1.22531e-08
1.33475e-08
1.33475e-08
1.22531e-08
1.0295e-08
7.86848e-09
5.41837e-09
5.41837e-09
7.86847e-09
1.0295e-08
1.22531e-08
1.33475e-08
1.33475e-08
1.22531e-08
1.0295e-08
7.86848e-09
5.41837e-09
5.41837e-09
7.86847e-09
1.0295e-08
1.22531e-08
1.33475e-08
1.33475e-08
1.22531e-08
1.0295e-08
7.86848e-09
5.41837e-09
5.41837e-09
7.86847e-09
1.0295e-08
1.22531e-08
1.33475e-08
1.33475e-08
1.22531e-08
1.0295e-08
7.86848e-09
5.41837e-09
5.41837e-09
7.86847e-09
1.0295e-08
1.22531e-08
1.33475e-08
1.33475e-08
1.22531e-08
1.0295e-08
7.86848e-09
5.41837e-09
5.41837e-09
7.86847e-09
1.0295e-08
1.22531e-08
1.33475e-08
1.33475e-08
1.22531e-08
1.0295e-08
7.86848e-09
5.41837e-09
5.41836e-09
7.86847e-09
1.0295e-08
1.22531e-08
1.33475e-08
1.33475e-08
1.22531e-08
1.0295e-08
7.86848e-09
5.41837e-09
5.41837e-09
7.86847e-09
1.0295e-08
1.22531e-08
1.33475e-08
1.33475e-08
1.22531e-08
1.0295e-08
7.86848e-09
5.41837e-09
5.41837e-09
7.86847e-09
1.0295e-08
1.22531e-08
1.33475e-08
1.33475e-08
1.22531e-08
1.0295e-08
7.86848e-09
5.41837e-09
5.41837e-09
7.86847e-09
1.0295e-08
1.22531e-08
1.33475e-08
1.33475e-08
1.22531e-08
1.0295e-08
7.86848e-09
5.41837e-09
5.41837e-09
7.86847e-09
1.0295e-08
1.22531e-08
1.33475e-08
1.33475e-08
1.22531e-08
1.0295e-08
7.86848e-09
5.41837e-09
5.41837e-09
7.86847e-09
1.0295e-08
1.22531e-08
1.33475e-08
1.33475e-08
1.22531e-08
1.0295e-08
7.86848e-09
5.41837e-09
5.41837e-09
7.86847e-09
1.0295e-08
1.22531e-08
1.33475e-08
1.33475e-08
1.22531e-08
1.0295e-08
7.86848e-09
5.41837e-09
5.41837e-09
7.86847e-09
1.0295e-08
1.22531e-08
1.33475e-08
1.33475e-08
1.22531e-08
1.0295e-08
7.86848e-09
5.41837e-09
5.41837e-09
7.86847e-09
1.0295e-08
1.22531e-08
1.33475e-08
1.33475e-08
1.22531e-08
1.0295e-08
7.86848e-09
5.41837e-09
5.41837e-09
7.86847e-09
1.0295e-08
1.22531e-08
1.33475e-08
1.33475e-08
1.22531e-08
1.0295e-08
7.86848e-09
5.41837e-09
5.41836e-09
7.86847e-09
1.0295e-08
1.22531e-08
1.33475e-08
1.33475e-08
1.22531e-08
1.0295e-08
7.86848e-09
5.41837e-09
6.5785e-09
9.55756e-09
1.25037e-08
1.48755e-08
1.61991e-08
1.61991e-08
1.48755e-08
1.25037e-08
9.55756e-09
6.5785e-09
6.40172e-09
9.29581e-09
1.2161e-08
1.44708e-08
1.57612e-08
1.57612e-08
1.44708e-08
1.2161e-08
9.29581e-09
6.40172e-09
4.65902e-09
6.76497e-09
8.8518e-09
1.0537e-08
1.14793e-08
1.14793e-08
1.0537e-08
8.8518e-09
6.76497e-09
4.65902e-09
5.84138e-09
8.48292e-09
1.1098e-08
1.32075e-08
1.43863e-08
1.43863e-08
1.32075e-08
1.1098e-08
8.48291e-09
5.84137e-09
5.14525e-09
7.4716e-09
9.77605e-09
1.16362e-08
1.2676e-08
1.2676e-08
1.16362e-08
9.77604e-09
7.4716e-09
5.14525e-09
5.59337e-09
8.12268e-09
1.06272e-08
1.2648e-08
1.37773e-08
1.37773e-08
1.2648e-08
1.06272e-08
8.12268e-09
5.59337e-09
5.3094e-09
7.71017e-09
1.0088e-08
1.20071e-08
1.30798e-08
1.30798e-08
1.20071e-08
1.0088e-08
7.71016e-09
5.30939e-09
5.48775e-09
7.96924e-09
1.04266e-08
1.24096e-08
1.35179e-08
1.35178e-08
1.24096e-08
1.04266e-08
7.96923e-09
5.48774e-09
5.37467e-09
7.80501e-09
1.0212e-08
1.21545e-08
1.32403e-08
1.32403e-08
1.21545e-08
1.0212e-08
7.80501e-09
5.37467e-09
5.44608e-09
7.90872e-09
1.03475e-08
1.23155e-08
1.34155e-08
1.34155e-08
1.23155e-08
1.03475e-08
7.90871e-09
5.44608e-09
5.40089e-09
7.84311e-09
1.02618e-08
1.22137e-08
1.33047e-08
1.33047e-08
1.22137e-08
1.02618e-08
7.8431e-09
5.40089e-09
5.4295e-09
7.88463e-09
1.03161e-08
1.22781e-08
1.33748e-08
1.33748e-08
1.22781e-08
1.03161e-08
7.88463e-09
5.42949e-09
5.41136e-09
7.8583e-09
1.02817e-08
1.22373e-08
1.33304e-08
1.33304e-08
1.22373e-08
1.02817e-08
7.8583e-09
5.41135e-09
5.42283e-09
7.87495e-09
1.03034e-08
1.22631e-08
1.33584e-08
1.33584e-08
1.22631e-08
1.03034e-08
7.87494e-09
5.42283e-09
5.41552e-09
7.86434e-09
1.02895e-08
1.22466e-08
1.33405e-08
1.33405e-08
1.22466e-08
1.02895e-08
7.86433e-09
5.41551e-09
5.42015e-09
7.87105e-09
1.02983e-08
1.22571e-08
1.33519e-08
1.33519e-08
1.2257e-08
1.02983e-08
7.87105e-09
5.42014e-09
5.41722e-09
7.86681e-09
1.02928e-08
1.22505e-08
1.33447e-08
1.33447e-08
1.22505e-08
1.02928e-08
7.86681e-09
5.41722e-09
5.41911e-09
7.86955e-09
1.02964e-08
1.22547e-08
1.33494e-08
1.33494e-08
1.22547e-08
1.02964e-08
7.86954e-09
5.4191e-09
5.41793e-09
7.86784e-09
1.02941e-08
1.22521e-08
1.33464e-08
1.33464e-08
1.22521e-08
1.02941e-08
7.86783e-09
5.41792e-09
5.41865e-09
7.86889e-09
1.02955e-08
1.22537e-08
1.33482e-08
1.33482e-08
1.22537e-08
1.02955e-08
7.86889e-09
5.41865e-09
5.41818e-09
7.8682e-09
1.02946e-08
1.22526e-08
1.33471e-08
1.3347e-08
1.22526e-08
1.02946e-08
7.8682e-09
5.41818e-09
5.41847e-09
7.86863e-09
1.02952e-08
1.22533e-08
1.33478e-08
1.33478e-08
1.22533e-08
1.02951e-08
7.86862e-09
5.41847e-09
5.41831e-09
7.86839e-09
1.02948e-08
1.22529e-08
1.33474e-08
1.33474e-08
1.22529e-08
1.02948e-08
7.86839e-09
5.41831e-09
5.41841e-09
7.86854e-09
1.0295e-08
1.22532e-08
1.33476e-08
1.33476e-08
1.22532e-08
1.0295e-08
7.86853e-09
5.41841e-09
5.41834e-09
7.86844e-09
1.02949e-08
1.2253e-08
1.33475e-08
1.33475e-08
1.2253e-08
1.02949e-08
7.86843e-09
5.41834e-09
5.41838e-09
7.86849e-09
1.0295e-08
1.22531e-08
1.33476e-08
1.33476e-08
1.22531e-08
1.0295e-08
7.86848e-09
5.41837e-09
5.41837e-09
7.86847e-09
1.0295e-08
1.22531e-08
1.33475e-08
1.33475e-08
1.22531e-08
1.02949e-08
7.86847e-09
5.41837e-09
5.41837e-09
7.86847e-09
1.0295e-08
1.22531e-08
1.33475e-08
1.33475e-08
1.22531e-08
1.0295e-08
7.86847e-09
5.41837e-09
5.41837e-09
7.86847e-09
1.0295e-08
1.22531e-08
1.33475e-08
1.33475e-08
1.22531e-08
1.0295e-08
7.86847e-09
5.41837e-09
5.41837e-09
7.86848e-09
1.0295e-08
1.22531e-08
1.33475e-08
1.33475e-08
1.22531e-08
1.02949e-08
7.86847e-09
5.41836e-09
5.41837e-09
7.86848e-09
1.0295e-08
1.22531e-08
1.33475e-08
1.33475e-08
1.22531e-08
1.02949e-08
7.86847e-09
5.41836e-09
5.41837e-09
7.86848e-09
1.0295e-08
1.22531e-08
1.33475e-08
1.33475e-08
1.22531e-08
1.02949e-08
7.86847e-09
5.41836e-09
5.41837e-09
7.86848e-09
1.0295e-08
1.22531e-08
1.33475e-08
1.33475e-08
1.22531e-08
1.0295e-08
7.86847e-09
5.41837e-09
5.41837e-09
7.86848e-09
1.0295e-08
1.22531e-08
1.33475e-08
1.33475e-08
1.22531e-08
1.0295e-08
7.86847e-09
5.41837e-09
5.41837e-09
7.86848e-09
1.0295e-08
1.22531e-08
1.33475e-08
1.33475e-08
1.22531e-08
1.0295e-08
7.86847e-09
5.41837e-09
5.41837e-09
7.86848e-09
1.0295e-08
1.22531e-08
1.33475e-08
1.33475e-08
1.22531e-08
1.0295e-08
7.86847e-09
5.41836e-09
5.41837e-09
7.86848e-09
1.0295e-08
1.22531e-08
1.33475e-08
1.33475e-08
1.22531e-08
1.0295e-08
7.86847e-09
5.41837e-09
5.41837e-09
7.86848e-09
1.0295e-08
1.22531e-08
1.33475e-08
1.33475e-08
1.22531e-08
1.0295e-08
7.86847e-09
5.41836e-09
5.41837e-09
7.86848e-09
1.0295e-08
1.22531e-08
1.33475e-08
1.33475e-08
1.22531e-08
1.0295e-08
7.86847e-09
5.41837e-09
5.41837e-09
7.86848e-09
1.0295e-08
1.22531e-08
1.33475e-08
1.33475e-08
1.22531e-08
1.02949e-08
7.86847e-09
5.41836e-09
5.41837e-09
7.86848e-09
1.0295e-08
1.22531e-08
1.33475e-08
1.33475e-08
1.22531e-08
1.0295e-08
7.86847e-09
5.41837e-09
5.41837e-09
7.86848e-09
1.0295e-08
1.22531e-08
1.33475e-08
1.33475e-08
1.22531e-08
1.0295e-08
7.86847e-09
5.41837e-09
5.41837e-09
7.86848e-09
1.0295e-08
1.22531e-08
1.33475e-08
1.33475e-08
1.22531e-08
1.0295e-08
7.86847e-09
5.41837e-09
5.41837e-09
7.86848e-09
1.0295e-08
1.22531e-08
1.33475e-08
1.33475e-08
1.22531e-08
1.0295e-08
7.86847e-09
5.41837e-09
5.41837e-09
7.86848e-09
1.0295e-08
1.22531e-08
1.33475e-08
1.33475e-08
1.22531e-08
1.0295e-08
7.86847e-09
5.41837e-09
5.41837e-09
7.86848e-09
1.0295e-08
1.22531e-08
1.33475e-08
1.33475e-08
1.22531e-08
1.02949e-08
7.86847e-09
5.41837e-09
5.41837e-09
7.86848e-09
1.0295e-08
1.22531e-08
1.33475e-08
1.33475e-08
1.22531e-08
1.02949e-08
7.86847e-09
5.41836e-09
5.41837e-09
7.86848e-09
1.0295e-08
1.22531e-08
1.33475e-08
1.33475e-08
1.22531e-08
1.0295e-08
7.86847e-09
5.41837e-09
5.41837e-09
7.86848e-09
1.0295e-08
1.22531e-08
1.33475e-08
1.33475e-08
1.22531e-08
1.0295e-08
7.86847e-09
5.41837e-09
5.41837e-09
7.86848e-09
1.0295e-08
1.22531e-08
1.33475e-08
1.33475e-08
1.22531e-08
1.02949e-08
7.86847e-09
5.41836e-09
6.5785e-09
9.55756e-09
1.25037e-08
1.48755e-08
1.61991e-08
1.61991e-08
1.48755e-08
1.25037e-08
9.55756e-09
6.5785e-09
6.40172e-09
9.2958e-09
1.2161e-08
1.44708e-08
1.57612e-08
1.57612e-08
1.44708e-08
1.2161e-08
9.29581e-09
6.40172e-09
4.65902e-09
6.76497e-09
8.85179e-09
1.0537e-08
1.14793e-08
1.14793e-08
1.0537e-08
8.8518e-09
6.76497e-09
4.65902e-09
5.84137e-09
8.4829e-09
1.1098e-08
1.32075e-08
1.43863e-08
1.43863e-08
1.32075e-08
1.1098e-08
8.48292e-09
5.84138e-09
5.14524e-09
7.47159e-09
9.77603e-09
1.16361e-08
1.2676e-08
1.2676e-08
1.16362e-08
9.77605e-09
7.4716e-09
5.14525e-09
5.59336e-09
8.12267e-09
1.06272e-08
1.26479e-08
1.37773e-08
1.37773e-08
1.2648e-08
1.06272e-08
8.12268e-09
5.59337e-09
5.30939e-09
7.71015e-09
1.0088e-08
1.20071e-08
1.30798e-08
1.30798e-08
1.20071e-08
1.0088e-08
7.71017e-09
5.3094e-09
5.48774e-09
7.96923e-09
1.04266e-08
1.24096e-08
1.35178e-08
1.35178e-08
1.24096e-08
1.04266e-08
7.96924e-09
5.48775e-09
5.37466e-09
7.805e-09
1.0212e-08
1.21545e-08
1.32403e-08
1.32403e-08
1.21545e-08
1.0212e-08
7.80501e-09
5.37467e-09
5.44607e-09
7.9087e-09
1.03475e-08
1.23155e-08
1.34155e-08
1.34155e-08
1.23155e-08
1.03475e-08
7.90872e-09
5.44608e-09
5.40088e-09
7.8431e-09
1.02618e-08
1.22137e-08
1.33047e-08
1.33047e-08
1.22137e-08
1.02618e-08
7.84311e-09
5.40089e-09
5.42949e-09
7.88462e-09
1.0316e-08
1.22781e-08
1.33748e-08
1.33748e-08
1.22781e-08
1.03161e-08
7.88463e-09
5.4295e-09
5.41135e-09
7.85829e-09
1.02817e-08
1.22373e-08
1.33304e-08
1.33304e-08
1.22373e-08
1.02817e-08
7.8583e-09
5.41136e-09
5.42282e-09
7.87494e-09
1.03034e-08
1.22631e-08
1.33584e-08
1.33584e-08
1.22631e-08
1.03034e-08
7.87495e-09
5.42283e-09
5.41551e-09
7.86432e-09
1.02895e-08
1.22466e-08
1.33405e-08
1.33405e-08
1.22466e-08
1.02895e-08
7.86434e-09
5.41552e-09
5.42014e-09
7.87104e-09
1.02983e-08
1.2257e-08
1.33519e-08
1.33519e-08
1.22571e-08
1.02983e-08
7.87105e-09
5.42015e-09
5.41721e-09
7.8668e-09
1.02928e-08
1.22505e-08
1.33447e-08
1.33447e-08
1.22505e-08
1.02928e-08
7.86682e-09
5.41723e-09
5.4191e-09
7.86954e-09
1.02964e-08
1.22547e-08
1.33493e-08
1.33494e-08
1.22547e-08
1.02964e-08
7.86955e-09
5.41911e-09
5.41792e-09
7.86783e-09
1.02941e-08
1.22521e-08
1.33464e-08
1.33464e-08
1.22521e-08
1.02941e-08
7.86784e-09
5.41793e-09
5.41865e-09
7.86888e-09
1.02955e-08
1.22537e-08
1.33482e-08
1.33482e-08
1.22537e-08
1.02955e-08
7.86889e-09
5.41865e-09
5.41817e-09
7.86819e-09
1.02946e-08
1.22526e-08
1.3347e-08
1.3347e-08
1.22526e-08
1.02946e-08
7.8682e-09
5.41818e-09
5.41846e-09
7.86862e-09
1.02951e-08
1.22533e-08
1.33478e-08
1.33478e-08
1.22533e-08
1.02952e-08
7.86863e-09
5.41847e-09
5.4183e-09
7.86838e-09
1.02948e-08
1.22529e-08
1.33474e-08
1.33474e-08
1.22529e-08
1.02948e-08
7.86839e-09
5.41831e-09
5.4184e-09
7.86853e-09
1.0295e-08
1.22532e-08
1.33476e-08
1.33476e-08
1.22532e-08
1.0295e-08
7.86854e-09
5.41841e-09
5.41834e-09
7.86842e-09
1.02949e-08
1.2253e-08
1.33475e-08
1.33475e-08
1.2253e-08
1.02949e-08
7.86844e-09
5.41834e-09
5.41837e-09
7.86848e-09
1.0295e-08
1.22531e-08
1.33475e-08
1.33476e-08
1.22531e-08
1.0295e-08
7.86849e-09
5.41838e-09
5.41836e-09
7.86846e-09
1.02949e-08
1.2253e-08
1.33475e-08
1.33475e-08
1.22531e-08
1.0295e-08
7.86847e-09
5.41837e-09
5.41836e-09
7.86846e-09
1.02949e-08
1.2253e-08
1.33475e-08
1.33475e-08
1.22531e-08
1.0295e-08
7.86847e-09
5.41837e-09
5.41836e-09
7.86846e-09
1.02949e-08
1.22531e-08
1.33475e-08
1.33475e-08
1.22531e-08
1.0295e-08
7.86847e-09
5.41837e-09
5.41836e-09
7.86847e-09
1.02949e-08
1.22531e-08
1.33475e-08
1.33475e-08
1.22531e-08
1.0295e-08
7.86848e-09
5.41837e-09
5.41836e-09
7.86847e-09
1.02949e-08
1.22531e-08
1.33475e-08
1.33475e-08
1.22531e-08
1.0295e-08
7.86848e-09
5.41837e-09
5.41836e-09
7.86847e-09
1.02949e-08
1.22531e-08
1.33475e-08
1.33475e-08
1.22531e-08
1.0295e-08
7.86848e-09
5.41837e-09
5.41836e-09
7.86847e-09
1.02949e-08
1.22531e-08
1.33475e-08
1.33475e-08
1.22531e-08
1.0295e-08
7.86848e-09
5.41837e-09
5.41836e-09
7.86847e-09
1.02949e-08
1.22531e-08
1.33475e-08
1.33475e-08
1.22531e-08
1.0295e-08
7.86848e-09
5.41837e-09
5.41836e-09
7.86847e-09
1.02949e-08
1.22531e-08
1.33475e-08
1.33475e-08
1.22531e-08
1.0295e-08
7.86848e-09
5.41837e-09
5.41836e-09
7.86846e-09
1.02949e-08
1.22531e-08
1.33475e-08
1.33475e-08
1.22531e-08
1.0295e-08
7.86848e-09
5.41837e-09
5.41836e-09
7.86847e-09
1.02949e-08
1.22531e-08
1.33475e-08
1.33475e-08
1.22531e-08
1.0295e-08
7.86848e-09
5.41837e-09
5.41836e-09
7.86846e-09
1.02949e-08
1.22531e-08
1.33475e-08
1.33475e-08
1.22531e-08
1.0295e-08
7.86848e-09
5.41837e-09
5.41836e-09
7.86846e-09
1.02949e-08
1.22531e-08
1.33475e-08
1.33475e-08
1.22531e-08
1.0295e-08
7.86848e-09
5.41837e-09
5.41836e-09
7.86846e-09
1.02949e-08
1.22531e-08
1.33475e-08
1.33475e-08
1.22531e-08
1.0295e-08
7.86848e-09
5.41837e-09
5.41836e-09
7.86846e-09
1.02949e-08
1.22531e-08
1.33475e-08
1.33475e-08
1.22531e-08
1.0295e-08
7.86848e-09
5.41837e-09
5.41836e-09
7.86846e-09
1.02949e-08
1.22531e-08
1.33475e-08
1.33475e-08
1.22531e-08
1.0295e-08
7.86848e-09
5.41837e-09
5.41836e-09
7.86846e-09
1.02949e-08
1.22531e-08
1.33475e-08
1.33475e-08
1.22531e-08
1.0295e-08
7.86848e-09
5.41837e-09
5.41836e-09
7.86846e-09
1.02949e-08
1.22531e-08
1.33475e-08
1.33475e-08
1.22531e-08
1.0295e-08
7.86848e-09
5.41837e-09
5.41836e-09
7.86846e-09
1.02949e-08
1.22531e-08
1.33475e-08
1.33475e-08
1.22531e-08
1.0295e-08
7.86848e-09
5.41837e-09
5.41836e-09
7.86846e-09
1.02949e-08
1.22531e-08
1.33475e-08
1.33475e-08
1.22531e-08
1.0295e-08
7.86848e-09
5.41837e-09
5.41836e-09
7.86846e-09
1.02949e-08
1.22531e-08
1.33475e-08
1.33475e-08
1.22531e-08
1.0295e-08
7.86848e-09
5.41837e-09
5.41836e-09
7.86847e-09
1.02949e-08
1.22531e-08
1.33475e-08
1.33475e-08
1.22531e-08
1.0295e-08
7.86848e-09
5.41837e-09
5.41836e-09
7.86847e-09
1.02949e-08
1.22531e-08
1.33475e-08
1.33475e-08
1.22531e-08
1.0295e-08
7.86848e-09
5.41837e-09
5.41836e-09
7.86846e-09
1.02949e-08
1.22531e-08
1.33475e-08
1.33475e-08
1.22531e-08
1.0295e-08
7.86848e-09
5.41837e-09
6.5785e-09
9.55757e-09
1.25037e-08
1.48755e-08
1.61991e-08
1.61991e-08
1.48755e-08
1.25037e-08
9.55757e-09
6.5785e-09
6.40172e-09
9.2958e-09
1.2161e-08
1.44708e-08
1.57612e-08
1.57612e-08
1.44708e-08
1.2161e-08
9.2958e-09
6.40172e-09
4.65903e-09
6.76498e-09
8.85182e-09
1.0537e-08
1.14793e-08
1.14793e-08
1.0537e-08
8.85181e-09
6.76497e-09
4.65902e-09
5.84137e-09
8.48291e-09
1.1098e-08
1.32075e-08
1.43863e-08
1.43863e-08
1.32075e-08
1.1098e-08
8.48291e-09
5.84137e-09
5.14525e-09
7.47161e-09
9.77605e-09
1.16362e-08
1.2676e-08
1.2676e-08
1.16362e-08
9.77604e-09
7.47159e-09
5.14524e-09
5.59337e-09
8.12268e-09
1.06272e-08
1.2648e-08
1.37773e-08
1.37773e-08
1.2648e-08
1.06272e-08
8.12267e-09
5.59336e-09
5.3094e-09
7.71017e-09
1.0088e-08
1.20071e-08
1.30798e-08
1.30798e-08
1.20071e-08
1.0088e-08
7.71016e-09
5.30939e-09
5.48774e-09
7.96923e-09
1.04266e-08
1.24096e-08
1.35178e-08
1.35178e-08
1.24096e-08
1.04266e-08
7.96923e-09
5.48774e-09
5.37467e-09
7.80502e-09
1.0212e-08
1.21545e-08
1.32403e-08
1.32403e-08
1.21545e-08
1.0212e-08
7.80501e-09
5.37466e-09
5.44608e-09
7.90872e-09
1.03475e-08
1.23155e-08
1.34155e-08
1.34155e-08
1.23155e-08
1.03475e-08
7.90871e-09
5.44607e-09
5.40089e-09
7.84311e-09
1.02618e-08
1.22137e-08
1.33047e-08
1.33047e-08
1.22137e-08
1.02618e-08
7.8431e-09
5.40088e-09
5.4295e-09
7.88464e-09
1.03161e-08
1.22781e-08
1.33748e-08
1.33748e-08
1.22781e-08
1.03161e-08
7.88463e-09
5.42949e-09
5.41136e-09
7.8583e-09
1.02817e-08
1.22373e-08
1.33304e-08
1.33304e-08
1.22373e-08
1.02817e-08
7.8583e-09
5.41135e-09
5.42283e-09
7.87495e-09
1.03034e-08
1.22631e-08
1.33585e-08
1.33584e-08
1.22631e-08
1.03034e-08
7.87494e-09
5.42282e-09
5.41552e-09
7.86433e-09
1.02895e-08
1.22466e-08
1.33405e-08
1.33405e-08
1.22466e-08
1.02895e-08
7.86433e-09
5.41551e-09
5.42015e-09
7.87106e-09
1.02983e-08
1.22571e-08
1.33519e-08
1.33519e-08
1.22571e-08
1.02983e-08
7.87105e-09
5.42014e-09
5.41722e-09
7.86682e-09
1.02928e-08
1.22505e-08
1.33447e-08
1.33447e-08
1.22505e-08
1.02928e-08
7.8668e-09
5.41722e-09
5.41911e-09
7.86955e-09
1.02964e-08
1.22547e-08
1.33494e-08
1.33494e-08
1.22547e-08
1.02964e-08
7.86954e-09
5.4191e-09
5.41793e-09
7.86784e-09
1.02941e-08
1.22521e-08
1.33465e-08
1.33465e-08
1.22521e-08
1.02941e-08
7.86783e-09
5.41792e-09
5.41866e-09
7.8689e-09
1.02955e-08
1.22537e-08
1.33483e-08
1.33483e-08
1.22537e-08
1.02955e-08
7.86889e-09
5.41865e-09
5.41818e-09
7.86821e-09
1.02946e-08
1.22526e-08
1.33471e-08
1.33471e-08
1.22526e-08
1.02946e-08
7.86819e-09
5.41818e-09
5.41847e-09
7.86863e-09
1.02952e-08
1.22533e-08
1.33478e-08
1.33478e-08
1.22533e-08
1.02952e-08
7.86862e-09
5.41846e-09
5.41831e-09
7.8684e-09
1.02949e-08
1.22529e-08
1.33474e-08
1.33474e-08
1.22529e-08
1.02948e-08
7.86839e-09
5.41831e-09
5.41841e-09
7.86854e-09
1.0295e-08
1.22532e-08
1.33477e-08
1.33476e-08
1.22532e-08
1.0295e-08
7.86853e-09
5.4184e-09
5.41835e-09
7.86844e-09
1.02949e-08
1.2253e-08
1.33475e-08
1.33475e-08
1.2253e-08
1.02949e-08
7.86843e-09
5.41834e-09
5.41838e-09
7.86849e-09
1.0295e-08
1.22531e-08
1.33476e-08
1.33476e-08
1.22531e-08
1.0295e-08
7.86848e-09
5.41837e-09
5.41837e-09
7.86848e-09
1.0295e-08
1.22531e-08
1.33475e-08
1.33475e-08
1.22531e-08
1.02949e-08
7.86847e-09
5.41836e-09
5.41838e-09
7.86849e-09
1.0295e-08
1.22531e-08
1.33475e-08
1.33475e-08
1.22531e-08
1.0295e-08
7.86847e-09
5.41836e-09
5.41838e-09
7.86849e-09
1.0295e-08
1.22531e-08
1.33475e-08
1.33475e-08
1.22531e-08
1.0295e-08
7.86847e-09
5.41836e-09
5.41837e-09
7.86848e-09
1.0295e-08
1.22531e-08
1.33475e-08
1.33475e-08
1.22531e-08
1.0295e-08
7.86847e-09
5.41836e-09
5.41837e-09
7.86848e-09
1.0295e-08
1.22531e-08
1.33475e-08
1.33475e-08
1.22531e-08
1.0295e-08
7.86847e-09
5.41836e-09
5.41837e-09
7.86848e-09
1.0295e-08
1.22531e-08
1.33475e-08
1.33475e-08
1.22531e-08
1.0295e-08
7.86847e-09
5.41836e-09
5.41837e-09
7.86848e-09
1.0295e-08
1.22531e-08
1.33475e-08
1.33475e-08
1.22531e-08
1.0295e-08
7.86847e-09
5.41836e-09
5.41837e-09
7.86848e-09
1.0295e-08
1.22531e-08
1.33475e-08
1.33475e-08
1.22531e-08
1.0295e-08
7.86847e-09
5.41836e-09
5.41837e-09
7.86848e-09
1.0295e-08
1.22531e-08
1.33475e-08
1.33475e-08
1.22531e-08
1.0295e-08
7.86847e-09
5.41836e-09
5.41837e-09
7.86848e-09
1.0295e-08
1.22531e-08
1.33475e-08
1.33475e-08
1.22531e-08
1.0295e-08
7.86847e-09
5.41836e-09
5.41837e-09
7.86848e-09
1.0295e-08
1.22531e-08
1.33475e-08
1.33475e-08
1.22531e-08
1.0295e-08
7.86847e-09
5.41836e-09
5.41837e-09
7.86848e-09
1.0295e-08
1.22531e-08
1.33475e-08
1.33475e-08
1.22531e-08
1.0295e-08
7.86847e-09
5.41836e-09
5.41837e-09
7.86848e-09
1.0295e-08
1.22531e-08
1.33475e-08
1.33475e-08
1.22531e-08
1.0295e-08
7.86847e-09
5.41836e-09
5.41837e-09
7.86848e-09
1.0295e-08
1.22531e-08
1.33475e-08
1.33475e-08
1.22531e-08
1.0295e-08
7.86847e-09
5.41836e-09
5.41837e-09
7.86848e-09
1.0295e-08
1.22531e-08
1.33475e-08
1.33475e-08
1.22531e-08
1.0295e-08
7.86847e-09
5.41836e-09
5.41837e-09
7.86848e-09
1.0295e-08
1.22531e-08
1.33475e-08
1.33475e-08
1.22531e-08
1.0295e-08
7.86847e-09
5.41836e-09
5.41837e-09
7.86848e-09
1.0295e-08
1.22531e-08
1.33475e-08
1.33475e-08
1.22531e-08
1.0295e-08
7.86847e-09
5.41836e-09
5.41837e-09
7.86848e-09
1.0295e-08
1.22531e-08
1.33475e-08
1.33475e-08
1.22531e-08
1.0295e-08
7.86847e-09
5.41836e-09
5.41837e-09
7.86848e-09
1.0295e-08
1.22531e-08
1.33475e-08
1.33475e-08
1.22531e-08
1.0295e-08
7.86847e-09
5.41836e-09
5.41837e-09
7.86848e-09
1.0295e-08
1.22531e-08
1.33475e-08
1.33475e-08
1.22531e-08
1.0295e-08
7.86847e-09
5.41836e-09
5.41837e-09
7.86848e-09
1.0295e-08
1.22531e-08
1.33475e-08
1.33475e-08
1.22531e-08
1.0295e-08
7.86847e-09
5.41836e-09
5.41837e-09
7.86848e-09
1.0295e-08
1.22531e-08
1.33475e-08
1.33475e-08
1.22531e-08
1.0295e-08
7.86847e-09
5.41836e-09
5.41837e-09
7.86848e-09
1.0295e-08
1.22531e-08
1.33475e-08
1.33475e-08
1.22531e-08
1.0295e-08
7.86847e-09
5.41836e-09
5.41837e-09
7.86848e-09
1.0295e-08
1.22531e-08
1.33475e-08
1.33475e-08
1.22531e-08
1.02949e-08
7.86847e-09
5.41836e-09
)
;
    }
    inlet
    {
        type            calculated;
        value           uniform 0;
    }
    outlet
    {
        type            calculated;
        value           uniform 0;
    }
}


// ************************************************************************* //
