/*--------------------------------*- C++ -*----------------------------------*\
| =========                 |                                                 |
| \\      /  F ield         | OpenFOAM: The Open Source CFD Toolbox           |
|  \\    /   O peration     | Version:  2412                                  |
|   \\  /    A nd           | Website:  www.openfoam.com                      |
|    \\/     M anipulation  |                                                 |
\*---------------------------------------------------------------------------*/
FoamFile
{
    version     2.0;
    format      ascii;
    arch        "LSB;label=32;scalar=64";
    class       volScalarField;
    location    "0.4";
    object      nut;
}
// * * * * * * * * * * * * * * * * * * * * * * * * * * * * * * * * * * * * * //

dimensions      [0 2 -1 0 0 0 0];

internalField   uniform 0;

boundaryField
{
    walls
    {
        type            nutUSpaldingWallFunction;
        value           nonuniform List<scalar> 
2000
(
4.14655e-05
4.1698e-05
4.1879e-05
4.20049e-05
4.20693e-05
4.20693e-05
4.20049e-05
4.1879e-05
4.1698e-05
4.14655e-05
3.97739e-05
4.00228e-05
4.02105e-05
4.03412e-05
4.04079e-05
4.04079e-05
4.03412e-05
4.02105e-05
4.00228e-05
3.97739e-05
3.73875e-05
3.76498e-05
3.78472e-05
3.79839e-05
3.80535e-05
3.80535e-05
3.79839e-05
3.78472e-05
3.76498e-05
3.73875e-05
3.41944e-05
3.44633e-05
3.46681e-05
3.48093e-05
3.48811e-05
3.48811e-05
3.48093e-05
3.46681e-05
3.44633e-05
3.41944e-05
3.10764e-05
3.13455e-05
3.15537e-05
3.16967e-05
3.17695e-05
3.17695e-05
3.16967e-05
3.15537e-05
3.13455e-05
3.10764e-05
2.83437e-05
2.86084e-05
2.88164e-05
2.89592e-05
2.9032e-05
2.9032e-05
2.89592e-05
2.88164e-05
2.86084e-05
2.83437e-05
2.5946e-05
2.62028e-05
2.64077e-05
2.65486e-05
2.66205e-05
2.66205e-05
2.65486e-05
2.64077e-05
2.62028e-05
2.5946e-05
2.3846e-05
2.40922e-05
2.42916e-05
2.44291e-05
2.44993e-05
2.44993e-05
2.44291e-05
2.42916e-05
2.40922e-05
2.3846e-05
2.20417e-05
2.22761e-05
2.24681e-05
2.2601e-05
2.2669e-05
2.2669e-05
2.2601e-05
2.24681e-05
2.22761e-05
2.20417e-05
2.05127e-05
2.07346e-05
2.09182e-05
2.10459e-05
2.11113e-05
2.11113e-05
2.10459e-05
2.09182e-05
2.07346e-05
2.05127e-05
1.92205e-05
1.94301e-05
1.96048e-05
1.97269e-05
1.97895e-05
1.97895e-05
1.97269e-05
1.96048e-05
1.94301e-05
1.92205e-05
1.81272e-05
1.83251e-05
1.84909e-05
1.86071e-05
1.86669e-05
1.86669e-05
1.86071e-05
1.84909e-05
1.83251e-05
1.81272e-05
1.72007e-05
1.73879e-05
1.75449e-05
1.76554e-05
1.77123e-05
1.77123e-05
1.76554e-05
1.75449e-05
1.73879e-05
1.72007e-05
1.64137e-05
1.6591e-05
1.67398e-05
1.68448e-05
1.68989e-05
1.68989e-05
1.68448e-05
1.67398e-05
1.6591e-05
1.64137e-05
1.57425e-05
1.59109e-05
1.60521e-05
1.6152e-05
1.62035e-05
1.62035e-05
1.6152e-05
1.60521e-05
1.5911e-05
1.57425e-05
1.51672e-05
1.53278e-05
1.54621e-05
1.55572e-05
1.56062e-05
1.56062e-05
1.55572e-05
1.54621e-05
1.53278e-05
1.51672e-05
1.46715e-05
1.48253e-05
1.49533e-05
1.5044e-05
1.50908e-05
1.50908e-05
1.5044e-05
1.49533e-05
1.48253e-05
1.46715e-05
1.4242e-05
1.43897e-05
1.45123e-05
1.4599e-05
1.46438e-05
1.46438e-05
1.4599e-05
1.45123e-05
1.43898e-05
1.4242e-05
1.38676e-05
1.40101e-05
1.41278e-05
1.4211e-05
1.4254e-05
1.4254e-05
1.4211e-05
1.41278e-05
1.40101e-05
1.38676e-05
1.35393e-05
1.36773e-05
1.37907e-05
1.38708e-05
1.39121e-05
1.39121e-05
1.38708e-05
1.37907e-05
1.36773e-05
1.35393e-05
1.32497e-05
1.33837e-05
1.34934e-05
1.35707e-05
1.36107e-05
1.36107e-05
1.35707e-05
1.34934e-05
1.33837e-05
1.32497e-05
1.29926e-05
1.31231e-05
1.32296e-05
1.33045e-05
1.33432e-05
1.33432e-05
1.33045e-05
1.32296e-05
1.31231e-05
1.29926e-05
1.27629e-05
1.28904e-05
1.29941e-05
1.3067e-05
1.31045e-05
1.31045e-05
1.3067e-05
1.29941e-05
1.28904e-05
1.27629e-05
1.25566e-05
1.26814e-05
1.27827e-05
1.28537e-05
1.28903e-05
1.28903e-05
1.28537e-05
1.27827e-05
1.26814e-05
1.25566e-05
1.23701e-05
1.24926e-05
1.25918e-05
1.26612e-05
1.2697e-05
1.2697e-05
1.26612e-05
1.25918e-05
1.24926e-05
1.23701e-05
1.22007e-05
1.23211e-05
1.24184e-05
1.24865e-05
1.25215e-05
1.25215e-05
1.24865e-05
1.24184e-05
1.23211e-05
1.22007e-05
1.20458e-05
1.21645e-05
1.22601e-05
1.2327e-05
1.23614e-05
1.23614e-05
1.2327e-05
1.22601e-05
1.21645e-05
1.20458e-05
1.19036e-05
1.20207e-05
1.21149e-05
1.21807e-05
1.22146e-05
1.22146e-05
1.21807e-05
1.21149e-05
1.20207e-05
1.19036e-05
1.17724e-05
1.1888e-05
1.1981e-05
1.20459e-05
1.20792e-05
1.20792e-05
1.20459e-05
1.1981e-05
1.1888e-05
1.17724e-05
1.16508e-05
1.17651e-05
1.18569e-05
1.1921e-05
1.19539e-05
1.19539e-05
1.1921e-05
1.18569e-05
1.17651e-05
1.16508e-05
1.15376e-05
1.16507e-05
1.17415e-05
1.18049e-05
1.18374e-05
1.18374e-05
1.18049e-05
1.17415e-05
1.16507e-05
1.15376e-05
1.14318e-05
1.15438e-05
1.16337e-05
1.16965e-05
1.17287e-05
1.17287e-05
1.16965e-05
1.16337e-05
1.15438e-05
1.14318e-05
1.13326e-05
1.14436e-05
1.15327e-05
1.15949e-05
1.16268e-05
1.16268e-05
1.15949e-05
1.15327e-05
1.14436e-05
1.13326e-05
1.12393e-05
1.13494e-05
1.14377e-05
1.14994e-05
1.1531e-05
1.1531e-05
1.14994e-05
1.14377e-05
1.13494e-05
1.12393e-05
1.11512e-05
1.12605e-05
1.13481e-05
1.14093e-05
1.14406e-05
1.14406e-05
1.14093e-05
1.13481e-05
1.12605e-05
1.11512e-05
1.10679e-05
1.11763e-05
1.12634e-05
1.13241e-05
1.13552e-05
1.13552e-05
1.13241e-05
1.12634e-05
1.11763e-05
1.10679e-05
1.09889e-05
1.10965e-05
1.1183e-05
1.12433e-05
1.12742e-05
1.12742e-05
1.12433e-05
1.1183e-05
1.10965e-05
1.09889e-05
1.09137e-05
1.10207e-05
1.11066e-05
1.11665e-05
1.11972e-05
1.11972e-05
1.11665e-05
1.11066e-05
1.10207e-05
1.09137e-05
1.08421e-05
1.09484e-05
1.10338e-05
1.10933e-05
1.11239e-05
1.11239e-05
1.10933e-05
1.10338e-05
1.09484e-05
1.08421e-05
1.07738e-05
1.08794e-05
1.09643e-05
1.10235e-05
1.10539e-05
1.10539e-05
1.10235e-05
1.09643e-05
1.08794e-05
1.07738e-05
1.07084e-05
1.08134e-05
1.08979e-05
1.09567e-05
1.09869e-05
1.09869e-05
1.09567e-05
1.08979e-05
1.08134e-05
1.07084e-05
1.06458e-05
1.07502e-05
1.08342e-05
1.08928e-05
1.09228e-05
1.09228e-05
1.08928e-05
1.08342e-05
1.07502e-05
1.06458e-05
1.05857e-05
1.06896e-05
1.07731e-05
1.08314e-05
1.08613e-05
1.08613e-05
1.08314e-05
1.07731e-05
1.06896e-05
1.05856e-05
1.05279e-05
1.06313e-05
1.07144e-05
1.07724e-05
1.08022e-05
1.08022e-05
1.07724e-05
1.07144e-05
1.06313e-05
1.05279e-05
1.04722e-05
1.05751e-05
1.06578e-05
1.07156e-05
1.07452e-05
1.07452e-05
1.07156e-05
1.06578e-05
1.05751e-05
1.04722e-05
1.04184e-05
1.05208e-05
1.06032e-05
1.06606e-05
1.06901e-05
1.06901e-05
1.06606e-05
1.06032e-05
1.05208e-05
1.04184e-05
1.03667e-05
1.04686e-05
1.05506e-05
1.06078e-05
1.06371e-05
1.06371e-05
1.06078e-05
1.05506e-05
1.04686e-05
1.03666e-05
1.03151e-05
1.04165e-05
1.04981e-05
1.05551e-05
1.05843e-05
1.05843e-05
1.05551e-05
1.04981e-05
1.04165e-05
1.03151e-05
1.02709e-05
1.03719e-05
1.04532e-05
1.051e-05
1.05391e-05
1.05391e-05
1.051e-05
1.04532e-05
1.03719e-05
1.02709e-05
1.0203e-05
1.03034e-05
1.03842e-05
1.04406e-05
1.04696e-05
1.04696e-05
1.04406e-05
1.03842e-05
1.03034e-05
1.0203e-05
4.14655e-05
4.1698e-05
4.1879e-05
4.20049e-05
4.20693e-05
4.20693e-05
4.20049e-05
4.1879e-05
4.1698e-05
4.14655e-05
3.97739e-05
4.00228e-05
4.02105e-05
4.03412e-05
4.04079e-05
4.04079e-05
4.03412e-05
4.02105e-05
4.00228e-05
3.97739e-05
3.73875e-05
3.76498e-05
3.78472e-05
3.79839e-05
3.80535e-05
3.80535e-05
3.79839e-05
3.78472e-05
3.76498e-05
3.73875e-05
3.41944e-05
3.44633e-05
3.46681e-05
3.48093e-05
3.48811e-05
3.48811e-05
3.48093e-05
3.46681e-05
3.44633e-05
3.41944e-05
3.10764e-05
3.13455e-05
3.15537e-05
3.16967e-05
3.17695e-05
3.17695e-05
3.16967e-05
3.15537e-05
3.13455e-05
3.10764e-05
2.83437e-05
2.86084e-05
2.88164e-05
2.89592e-05
2.9032e-05
2.9032e-05
2.89592e-05
2.88164e-05
2.86084e-05
2.83437e-05
2.5946e-05
2.62028e-05
2.64077e-05
2.65486e-05
2.66205e-05
2.66205e-05
2.65486e-05
2.64077e-05
2.62028e-05
2.5946e-05
2.3846e-05
2.40922e-05
2.42916e-05
2.44291e-05
2.44993e-05
2.44993e-05
2.44291e-05
2.42916e-05
2.40922e-05
2.3846e-05
2.20417e-05
2.22761e-05
2.24681e-05
2.2601e-05
2.2669e-05
2.2669e-05
2.2601e-05
2.24681e-05
2.22761e-05
2.20417e-05
2.05127e-05
2.07346e-05
2.09182e-05
2.10459e-05
2.11113e-05
2.11113e-05
2.10459e-05
2.09182e-05
2.07346e-05
2.05127e-05
1.92205e-05
1.94301e-05
1.96048e-05
1.97269e-05
1.97895e-05
1.97895e-05
1.97269e-05
1.96048e-05
1.94301e-05
1.92205e-05
1.81272e-05
1.83251e-05
1.84909e-05
1.86071e-05
1.86669e-05
1.86669e-05
1.86071e-05
1.84909e-05
1.83251e-05
1.81272e-05
1.72007e-05
1.73879e-05
1.75449e-05
1.76554e-05
1.77123e-05
1.77123e-05
1.76554e-05
1.75449e-05
1.73879e-05
1.72007e-05
1.64137e-05
1.6591e-05
1.67398e-05
1.68448e-05
1.68989e-05
1.68989e-05
1.68448e-05
1.67398e-05
1.6591e-05
1.64137e-05
1.57425e-05
1.59109e-05
1.60521e-05
1.6152e-05
1.62035e-05
1.62035e-05
1.6152e-05
1.60521e-05
1.59109e-05
1.57425e-05
1.51672e-05
1.53278e-05
1.54621e-05
1.55572e-05
1.56062e-05
1.56062e-05
1.55572e-05
1.54621e-05
1.53278e-05
1.51672e-05
1.46715e-05
1.48253e-05
1.49533e-05
1.5044e-05
1.50908e-05
1.50908e-05
1.5044e-05
1.49533e-05
1.48253e-05
1.46715e-05
1.4242e-05
1.43897e-05
1.45123e-05
1.4599e-05
1.46438e-05
1.46438e-05
1.4599e-05
1.45123e-05
1.43897e-05
1.4242e-05
1.38676e-05
1.40101e-05
1.41278e-05
1.4211e-05
1.4254e-05
1.4254e-05
1.4211e-05
1.41278e-05
1.40101e-05
1.38676e-05
1.35393e-05
1.36773e-05
1.37907e-05
1.38708e-05
1.39121e-05
1.39121e-05
1.38708e-05
1.37907e-05
1.36773e-05
1.35393e-05
1.32497e-05
1.33837e-05
1.34934e-05
1.35707e-05
1.36107e-05
1.36107e-05
1.35707e-05
1.34934e-05
1.33837e-05
1.32497e-05
1.29926e-05
1.31231e-05
1.32296e-05
1.33045e-05
1.33432e-05
1.33432e-05
1.33045e-05
1.32296e-05
1.31231e-05
1.29926e-05
1.27629e-05
1.28904e-05
1.29941e-05
1.3067e-05
1.31045e-05
1.31045e-05
1.3067e-05
1.29941e-05
1.28904e-05
1.27629e-05
1.25566e-05
1.26814e-05
1.27827e-05
1.28537e-05
1.28903e-05
1.28903e-05
1.28537e-05
1.27827e-05
1.26814e-05
1.25566e-05
1.23701e-05
1.24926e-05
1.25918e-05
1.26612e-05
1.2697e-05
1.2697e-05
1.26612e-05
1.25918e-05
1.24926e-05
1.23701e-05
1.22007e-05
1.23211e-05
1.24184e-05
1.24865e-05
1.25215e-05
1.25215e-05
1.24865e-05
1.24184e-05
1.23211e-05
1.22007e-05
1.20458e-05
1.21645e-05
1.22601e-05
1.2327e-05
1.23614e-05
1.23614e-05
1.2327e-05
1.22601e-05
1.21645e-05
1.20458e-05
1.19036e-05
1.20207e-05
1.21149e-05
1.21807e-05
1.22146e-05
1.22146e-05
1.21807e-05
1.21149e-05
1.20207e-05
1.19036e-05
1.17724e-05
1.1888e-05
1.1981e-05
1.20459e-05
1.20792e-05
1.20792e-05
1.20459e-05
1.1981e-05
1.1888e-05
1.17724e-05
1.16508e-05
1.17651e-05
1.18569e-05
1.1921e-05
1.19539e-05
1.19539e-05
1.1921e-05
1.18569e-05
1.17651e-05
1.16508e-05
1.15376e-05
1.16507e-05
1.17415e-05
1.18049e-05
1.18374e-05
1.18374e-05
1.18049e-05
1.17415e-05
1.16507e-05
1.15376e-05
1.14318e-05
1.15438e-05
1.16337e-05
1.16965e-05
1.17287e-05
1.17287e-05
1.16965e-05
1.16337e-05
1.15438e-05
1.14318e-05
1.13326e-05
1.14436e-05
1.15327e-05
1.15949e-05
1.16268e-05
1.16268e-05
1.15949e-05
1.15327e-05
1.14436e-05
1.13326e-05
1.12393e-05
1.13494e-05
1.14377e-05
1.14994e-05
1.1531e-05
1.1531e-05
1.14994e-05
1.14377e-05
1.13494e-05
1.12393e-05
1.11512e-05
1.12605e-05
1.13481e-05
1.14093e-05
1.14406e-05
1.14406e-05
1.14093e-05
1.13481e-05
1.12605e-05
1.11512e-05
1.10679e-05
1.11763e-05
1.12634e-05
1.13241e-05
1.13552e-05
1.13552e-05
1.13241e-05
1.12634e-05
1.11763e-05
1.10679e-05
1.09889e-05
1.10965e-05
1.1183e-05
1.12433e-05
1.12742e-05
1.12742e-05
1.12433e-05
1.1183e-05
1.10965e-05
1.09889e-05
1.09137e-05
1.10207e-05
1.11066e-05
1.11665e-05
1.11972e-05
1.11972e-05
1.11665e-05
1.11066e-05
1.10207e-05
1.09137e-05
1.08421e-05
1.09484e-05
1.10338e-05
1.10933e-05
1.11239e-05
1.11239e-05
1.10933e-05
1.10338e-05
1.09484e-05
1.08421e-05
1.07738e-05
1.08794e-05
1.09643e-05
1.10235e-05
1.10539e-05
1.10539e-05
1.10235e-05
1.09643e-05
1.08794e-05
1.07738e-05
1.07084e-05
1.08134e-05
1.08979e-05
1.09567e-05
1.09869e-05
1.09869e-05
1.09567e-05
1.08979e-05
1.08134e-05
1.07084e-05
1.06458e-05
1.07502e-05
1.08342e-05
1.08928e-05
1.09228e-05
1.09228e-05
1.08928e-05
1.08342e-05
1.07502e-05
1.06458e-05
1.05856e-05
1.06896e-05
1.07731e-05
1.08314e-05
1.08613e-05
1.08613e-05
1.08314e-05
1.07731e-05
1.06896e-05
1.05856e-05
1.05279e-05
1.06313e-05
1.07144e-05
1.07724e-05
1.08022e-05
1.08022e-05
1.07724e-05
1.07144e-05
1.06313e-05
1.05279e-05
1.04722e-05
1.05751e-05
1.06578e-05
1.07156e-05
1.07452e-05
1.07452e-05
1.07156e-05
1.06578e-05
1.05751e-05
1.04722e-05
1.04184e-05
1.05208e-05
1.06032e-05
1.06606e-05
1.06901e-05
1.06901e-05
1.06606e-05
1.06032e-05
1.05208e-05
1.04184e-05
1.03666e-05
1.04686e-05
1.05506e-05
1.06078e-05
1.06371e-05
1.06371e-05
1.06078e-05
1.05506e-05
1.04686e-05
1.03666e-05
1.03151e-05
1.04165e-05
1.04981e-05
1.05551e-05
1.05843e-05
1.05843e-05
1.05551e-05
1.04981e-05
1.04165e-05
1.03151e-05
1.02709e-05
1.03719e-05
1.04532e-05
1.051e-05
1.05391e-05
1.05391e-05
1.051e-05
1.04532e-05
1.03719e-05
1.02709e-05
1.0203e-05
1.03034e-05
1.03842e-05
1.04406e-05
1.04696e-05
1.04696e-05
1.04406e-05
1.03842e-05
1.03034e-05
1.0203e-05
4.14655e-05
4.1698e-05
4.1879e-05
4.20049e-05
4.20693e-05
4.20693e-05
4.20049e-05
4.1879e-05
4.1698e-05
4.14655e-05
3.97739e-05
4.00228e-05
4.02105e-05
4.03412e-05
4.04079e-05
4.04079e-05
4.03412e-05
4.02105e-05
4.00228e-05
3.97739e-05
3.73875e-05
3.76498e-05
3.78472e-05
3.79839e-05
3.80535e-05
3.80535e-05
3.79839e-05
3.78472e-05
3.76498e-05
3.73875e-05
3.41944e-05
3.44633e-05
3.46681e-05
3.48093e-05
3.48811e-05
3.48811e-05
3.48093e-05
3.46681e-05
3.44633e-05
3.41944e-05
3.10764e-05
3.13455e-05
3.15537e-05
3.16967e-05
3.17695e-05
3.17695e-05
3.16967e-05
3.15537e-05
3.13455e-05
3.10764e-05
2.83437e-05
2.86084e-05
2.88164e-05
2.89592e-05
2.9032e-05
2.9032e-05
2.89592e-05
2.88164e-05
2.86084e-05
2.83437e-05
2.5946e-05
2.62028e-05
2.64077e-05
2.65486e-05
2.66205e-05
2.66205e-05
2.65486e-05
2.64077e-05
2.62028e-05
2.5946e-05
2.3846e-05
2.40922e-05
2.42916e-05
2.44291e-05
2.44993e-05
2.44993e-05
2.44291e-05
2.42916e-05
2.40922e-05
2.3846e-05
2.20417e-05
2.22761e-05
2.24681e-05
2.2601e-05
2.2669e-05
2.2669e-05
2.2601e-05
2.24681e-05
2.22761e-05
2.20417e-05
2.05127e-05
2.07346e-05
2.09182e-05
2.10459e-05
2.11113e-05
2.11113e-05
2.10459e-05
2.09182e-05
2.07346e-05
2.05127e-05
1.92205e-05
1.94301e-05
1.96048e-05
1.97269e-05
1.97895e-05
1.97895e-05
1.97269e-05
1.96048e-05
1.94301e-05
1.92205e-05
1.81272e-05
1.83251e-05
1.84909e-05
1.86071e-05
1.86669e-05
1.86669e-05
1.86071e-05
1.84909e-05
1.83251e-05
1.81272e-05
1.72007e-05
1.73879e-05
1.75449e-05
1.76554e-05
1.77123e-05
1.77123e-05
1.76554e-05
1.75449e-05
1.73879e-05
1.72007e-05
1.64137e-05
1.6591e-05
1.67398e-05
1.68448e-05
1.68989e-05
1.68989e-05
1.68448e-05
1.67398e-05
1.6591e-05
1.64137e-05
1.57425e-05
1.5911e-05
1.60521e-05
1.6152e-05
1.62035e-05
1.62035e-05
1.6152e-05
1.60521e-05
1.5911e-05
1.57425e-05
1.51672e-05
1.53278e-05
1.54621e-05
1.55572e-05
1.56062e-05
1.56062e-05
1.55572e-05
1.54621e-05
1.53278e-05
1.51672e-05
1.46715e-05
1.48253e-05
1.49533e-05
1.5044e-05
1.50908e-05
1.50908e-05
1.5044e-05
1.49533e-05
1.48253e-05
1.46715e-05
1.4242e-05
1.43898e-05
1.45123e-05
1.4599e-05
1.46438e-05
1.46438e-05
1.4599e-05
1.45123e-05
1.43897e-05
1.4242e-05
1.38676e-05
1.40101e-05
1.41278e-05
1.4211e-05
1.4254e-05
1.4254e-05
1.4211e-05
1.41278e-05
1.40101e-05
1.38676e-05
1.35393e-05
1.36773e-05
1.37907e-05
1.38708e-05
1.39122e-05
1.39122e-05
1.38708e-05
1.37907e-05
1.36773e-05
1.35393e-05
1.32497e-05
1.33837e-05
1.34934e-05
1.35708e-05
1.36107e-05
1.36107e-05
1.35708e-05
1.34934e-05
1.33837e-05
1.32497e-05
1.29926e-05
1.31231e-05
1.32296e-05
1.33045e-05
1.33432e-05
1.33432e-05
1.33045e-05
1.32296e-05
1.31231e-05
1.29926e-05
1.27629e-05
1.28904e-05
1.29941e-05
1.3067e-05
1.31045e-05
1.31045e-05
1.3067e-05
1.29941e-05
1.28904e-05
1.27629e-05
1.25566e-05
1.26814e-05
1.27827e-05
1.28537e-05
1.28903e-05
1.28903e-05
1.28537e-05
1.27827e-05
1.26814e-05
1.25566e-05
1.23701e-05
1.24926e-05
1.25918e-05
1.26612e-05
1.2697e-05
1.2697e-05
1.26612e-05
1.25918e-05
1.24926e-05
1.23701e-05
1.22007e-05
1.23211e-05
1.24184e-05
1.24865e-05
1.25215e-05
1.25215e-05
1.24865e-05
1.24184e-05
1.23211e-05
1.22007e-05
1.20458e-05
1.21645e-05
1.22601e-05
1.2327e-05
1.23614e-05
1.23614e-05
1.2327e-05
1.22601e-05
1.21645e-05
1.20458e-05
1.19036e-05
1.20207e-05
1.21149e-05
1.21807e-05
1.22146e-05
1.22146e-05
1.21807e-05
1.21149e-05
1.20207e-05
1.19036e-05
1.17724e-05
1.1888e-05
1.1981e-05
1.20459e-05
1.20792e-05
1.20792e-05
1.20459e-05
1.19809e-05
1.1888e-05
1.17724e-05
1.16508e-05
1.17651e-05
1.18569e-05
1.1921e-05
1.19539e-05
1.19539e-05
1.1921e-05
1.18569e-05
1.17651e-05
1.16508e-05
1.15376e-05
1.16507e-05
1.17415e-05
1.18049e-05
1.18374e-05
1.18374e-05
1.18049e-05
1.17415e-05
1.16507e-05
1.15376e-05
1.14318e-05
1.15438e-05
1.16337e-05
1.16965e-05
1.17287e-05
1.17287e-05
1.16965e-05
1.16337e-05
1.15438e-05
1.14318e-05
1.13326e-05
1.14436e-05
1.15327e-05
1.15949e-05
1.16268e-05
1.16268e-05
1.15949e-05
1.15327e-05
1.14436e-05
1.13326e-05
1.12393e-05
1.13494e-05
1.14377e-05
1.14994e-05
1.1531e-05
1.1531e-05
1.14994e-05
1.14377e-05
1.13494e-05
1.12393e-05
1.11512e-05
1.12605e-05
1.13481e-05
1.14093e-05
1.14406e-05
1.14406e-05
1.14093e-05
1.13481e-05
1.12605e-05
1.11512e-05
1.10679e-05
1.11763e-05
1.12634e-05
1.13241e-05
1.13552e-05
1.13552e-05
1.13241e-05
1.12634e-05
1.11763e-05
1.10679e-05
1.09889e-05
1.10965e-05
1.1183e-05
1.12433e-05
1.12742e-05
1.12742e-05
1.12433e-05
1.1183e-05
1.10965e-05
1.09889e-05
1.09137e-05
1.10207e-05
1.11066e-05
1.11665e-05
1.11972e-05
1.11972e-05
1.11665e-05
1.11066e-05
1.10207e-05
1.09137e-05
1.08421e-05
1.09484e-05
1.10338e-05
1.10933e-05
1.11239e-05
1.11239e-05
1.10933e-05
1.10338e-05
1.09484e-05
1.08421e-05
1.07738e-05
1.08794e-05
1.09643e-05
1.10235e-05
1.10539e-05
1.10539e-05
1.10235e-05
1.09643e-05
1.08794e-05
1.07738e-05
1.07084e-05
1.08134e-05
1.08979e-05
1.09567e-05
1.09869e-05
1.09869e-05
1.09567e-05
1.08979e-05
1.08134e-05
1.07084e-05
1.06458e-05
1.07502e-05
1.08342e-05
1.08928e-05
1.09228e-05
1.09228e-05
1.08928e-05
1.08342e-05
1.07502e-05
1.06458e-05
1.05856e-05
1.06896e-05
1.07731e-05
1.08314e-05
1.08613e-05
1.08613e-05
1.08314e-05
1.07731e-05
1.06896e-05
1.05856e-05
1.05279e-05
1.06313e-05
1.07144e-05
1.07724e-05
1.08022e-05
1.08022e-05
1.07724e-05
1.07144e-05
1.06313e-05
1.05279e-05
1.04722e-05
1.05751e-05
1.06578e-05
1.07156e-05
1.07452e-05
1.07452e-05
1.07156e-05
1.06578e-05
1.05751e-05
1.04722e-05
1.04184e-05
1.05208e-05
1.06032e-05
1.06606e-05
1.06901e-05
1.06901e-05
1.06606e-05
1.06032e-05
1.05208e-05
1.04184e-05
1.03666e-05
1.04686e-05
1.05505e-05
1.06078e-05
1.06371e-05
1.06371e-05
1.06078e-05
1.05506e-05
1.04686e-05
1.03666e-05
1.03151e-05
1.04165e-05
1.04981e-05
1.05551e-05
1.05843e-05
1.05843e-05
1.05551e-05
1.04981e-05
1.04165e-05
1.03151e-05
1.02709e-05
1.03719e-05
1.04532e-05
1.051e-05
1.05391e-05
1.05391e-05
1.051e-05
1.04532e-05
1.03719e-05
1.02709e-05
1.0203e-05
1.03034e-05
1.03842e-05
1.04406e-05
1.04696e-05
1.04696e-05
1.04406e-05
1.03842e-05
1.03034e-05
1.0203e-05
4.14655e-05
4.1698e-05
4.1879e-05
4.20049e-05
4.20693e-05
4.20693e-05
4.20049e-05
4.1879e-05
4.1698e-05
4.14655e-05
3.97739e-05
4.00228e-05
4.02105e-05
4.03412e-05
4.04079e-05
4.04079e-05
4.03412e-05
4.02105e-05
4.00228e-05
3.97739e-05
3.73875e-05
3.76498e-05
3.78472e-05
3.79839e-05
3.80535e-05
3.80535e-05
3.79839e-05
3.78472e-05
3.76498e-05
3.73875e-05
3.41944e-05
3.44633e-05
3.46681e-05
3.48093e-05
3.48811e-05
3.48811e-05
3.48093e-05
3.46681e-05
3.44633e-05
3.41944e-05
3.10764e-05
3.13455e-05
3.15537e-05
3.16967e-05
3.17695e-05
3.17695e-05
3.16967e-05
3.15537e-05
3.13455e-05
3.10764e-05
2.83437e-05
2.86084e-05
2.88164e-05
2.89592e-05
2.9032e-05
2.9032e-05
2.89592e-05
2.88164e-05
2.86084e-05
2.83437e-05
2.5946e-05
2.62028e-05
2.64077e-05
2.65486e-05
2.66205e-05
2.66205e-05
2.65486e-05
2.64077e-05
2.62028e-05
2.5946e-05
2.3846e-05
2.40922e-05
2.42916e-05
2.44291e-05
2.44993e-05
2.44993e-05
2.44291e-05
2.42916e-05
2.40922e-05
2.3846e-05
2.20417e-05
2.22761e-05
2.24681e-05
2.2601e-05
2.2669e-05
2.2669e-05
2.2601e-05
2.24681e-05
2.22761e-05
2.20417e-05
2.05127e-05
2.07346e-05
2.09182e-05
2.10459e-05
2.11113e-05
2.11113e-05
2.10459e-05
2.09182e-05
2.07346e-05
2.05127e-05
1.92205e-05
1.94301e-05
1.96048e-05
1.97269e-05
1.97895e-05
1.97895e-05
1.97269e-05
1.96048e-05
1.94301e-05
1.92205e-05
1.81272e-05
1.83251e-05
1.84909e-05
1.86071e-05
1.86669e-05
1.86669e-05
1.86071e-05
1.84909e-05
1.83251e-05
1.81272e-05
1.72007e-05
1.73879e-05
1.75449e-05
1.76554e-05
1.77123e-05
1.77123e-05
1.76554e-05
1.75449e-05
1.73879e-05
1.72007e-05
1.64137e-05
1.6591e-05
1.67398e-05
1.68448e-05
1.68989e-05
1.68989e-05
1.68448e-05
1.67398e-05
1.6591e-05
1.64137e-05
1.57425e-05
1.5911e-05
1.60521e-05
1.6152e-05
1.62035e-05
1.62035e-05
1.6152e-05
1.60521e-05
1.5911e-05
1.57425e-05
1.51672e-05
1.53278e-05
1.54621e-05
1.55572e-05
1.56062e-05
1.56062e-05
1.55572e-05
1.54621e-05
1.53278e-05
1.51672e-05
1.46715e-05
1.48253e-05
1.49533e-05
1.5044e-05
1.50908e-05
1.50908e-05
1.5044e-05
1.49533e-05
1.48253e-05
1.46715e-05
1.4242e-05
1.43898e-05
1.45123e-05
1.4599e-05
1.46438e-05
1.46438e-05
1.4599e-05
1.45123e-05
1.43898e-05
1.4242e-05
1.38676e-05
1.40101e-05
1.41278e-05
1.4211e-05
1.4254e-05
1.4254e-05
1.4211e-05
1.41278e-05
1.40101e-05
1.38676e-05
1.35393e-05
1.36773e-05
1.37907e-05
1.38708e-05
1.39122e-05
1.39122e-05
1.38708e-05
1.37907e-05
1.36773e-05
1.35393e-05
1.32497e-05
1.33837e-05
1.34934e-05
1.35708e-05
1.36107e-05
1.36107e-05
1.35707e-05
1.34934e-05
1.33837e-05
1.32497e-05
1.29926e-05
1.31231e-05
1.32296e-05
1.33045e-05
1.33432e-05
1.33432e-05
1.33045e-05
1.32296e-05
1.31231e-05
1.29926e-05
1.27629e-05
1.28904e-05
1.29941e-05
1.3067e-05
1.31045e-05
1.31045e-05
1.3067e-05
1.29941e-05
1.28904e-05
1.27629e-05
1.25566e-05
1.26814e-05
1.27827e-05
1.28537e-05
1.28903e-05
1.28903e-05
1.28537e-05
1.27827e-05
1.26814e-05
1.25566e-05
1.23701e-05
1.24926e-05
1.25918e-05
1.26613e-05
1.2697e-05
1.2697e-05
1.26612e-05
1.25918e-05
1.24926e-05
1.23701e-05
1.22007e-05
1.23211e-05
1.24184e-05
1.24865e-05
1.25215e-05
1.25215e-05
1.24865e-05
1.24184e-05
1.23211e-05
1.22007e-05
1.20458e-05
1.21645e-05
1.22601e-05
1.2327e-05
1.23614e-05
1.23614e-05
1.2327e-05
1.22601e-05
1.21645e-05
1.20458e-05
1.19036e-05
1.20207e-05
1.21149e-05
1.21807e-05
1.22146e-05
1.22146e-05
1.21807e-05
1.21149e-05
1.20207e-05
1.19036e-05
1.17724e-05
1.1888e-05
1.1981e-05
1.20459e-05
1.20792e-05
1.20792e-05
1.20459e-05
1.19809e-05
1.1888e-05
1.17724e-05
1.16508e-05
1.17651e-05
1.18569e-05
1.1921e-05
1.19539e-05
1.19539e-05
1.1921e-05
1.18569e-05
1.17651e-05
1.16508e-05
1.15376e-05
1.16507e-05
1.17415e-05
1.18049e-05
1.18374e-05
1.18374e-05
1.18049e-05
1.17415e-05
1.16507e-05
1.15376e-05
1.14318e-05
1.15438e-05
1.16337e-05
1.16965e-05
1.17287e-05
1.17287e-05
1.16965e-05
1.16337e-05
1.15438e-05
1.14318e-05
1.13326e-05
1.14436e-05
1.15327e-05
1.15949e-05
1.16268e-05
1.16268e-05
1.15949e-05
1.15327e-05
1.14436e-05
1.13326e-05
1.12393e-05
1.13494e-05
1.14377e-05
1.14994e-05
1.1531e-05
1.1531e-05
1.14994e-05
1.14377e-05
1.13494e-05
1.12393e-05
1.11512e-05
1.12605e-05
1.13481e-05
1.14093e-05
1.14406e-05
1.14406e-05
1.14093e-05
1.13481e-05
1.12605e-05
1.11512e-05
1.10679e-05
1.11763e-05
1.12634e-05
1.13241e-05
1.13552e-05
1.13552e-05
1.13241e-05
1.12634e-05
1.11763e-05
1.10679e-05
1.09889e-05
1.10965e-05
1.1183e-05
1.12433e-05
1.12742e-05
1.12742e-05
1.12433e-05
1.1183e-05
1.10965e-05
1.09889e-05
1.09137e-05
1.10207e-05
1.11066e-05
1.11665e-05
1.11972e-05
1.11972e-05
1.11665e-05
1.11066e-05
1.10207e-05
1.09137e-05
1.08421e-05
1.09484e-05
1.10338e-05
1.10933e-05
1.11239e-05
1.11239e-05
1.10933e-05
1.10338e-05
1.09484e-05
1.08421e-05
1.07738e-05
1.08794e-05
1.09643e-05
1.10235e-05
1.10539e-05
1.10539e-05
1.10235e-05
1.09643e-05
1.08794e-05
1.07738e-05
1.07084e-05
1.08134e-05
1.08979e-05
1.09567e-05
1.09869e-05
1.09869e-05
1.09567e-05
1.08979e-05
1.08134e-05
1.07084e-05
1.06458e-05
1.07502e-05
1.08342e-05
1.08928e-05
1.09228e-05
1.09228e-05
1.08928e-05
1.08342e-05
1.07502e-05
1.06458e-05
1.05856e-05
1.06896e-05
1.07731e-05
1.08314e-05
1.08613e-05
1.08613e-05
1.08314e-05
1.07731e-05
1.06896e-05
1.05856e-05
1.05279e-05
1.06313e-05
1.07144e-05
1.07724e-05
1.08022e-05
1.08022e-05
1.07724e-05
1.07144e-05
1.06313e-05
1.05279e-05
1.04722e-05
1.05751e-05
1.06578e-05
1.07156e-05
1.07452e-05
1.07452e-05
1.07156e-05
1.06578e-05
1.05751e-05
1.04722e-05
1.04184e-05
1.05208e-05
1.06032e-05
1.06606e-05
1.06901e-05
1.06901e-05
1.06606e-05
1.06032e-05
1.05208e-05
1.04184e-05
1.03666e-05
1.04686e-05
1.05506e-05
1.06078e-05
1.06371e-05
1.06371e-05
1.06078e-05
1.05505e-05
1.04686e-05
1.03666e-05
1.03151e-05
1.04165e-05
1.04981e-05
1.05551e-05
1.05843e-05
1.05843e-05
1.05551e-05
1.04981e-05
1.04165e-05
1.03151e-05
1.02709e-05
1.03719e-05
1.04532e-05
1.051e-05
1.05391e-05
1.05391e-05
1.051e-05
1.04532e-05
1.03719e-05
1.02709e-05
1.0203e-05
1.03034e-05
1.03842e-05
1.04406e-05
1.04696e-05
1.04696e-05
1.04406e-05
1.03842e-05
1.03034e-05
1.0203e-05
)
;
    }
    inlet
    {
        type            calculated;
        value           uniform 0;
    }
    outlet
    {
        type            calculated;
        value           uniform 0;
    }
}


// ************************************************************************* //
