/*--------------------------------*- C++ -*----------------------------------*\
| =========                 |                                                 |
| \\      /  F ield         | OpenFOAM: The Open Source CFD Toolbox           |
|  \\    /   O peration     | Version:  2412                                  |
|   \\  /    A nd           | Website:  www.openfoam.com                      |
|    \\/     M anipulation  |                                                 |
\*---------------------------------------------------------------------------*/
FoamFile
{
    version     2.0;
    format      ascii;
    arch        "LSB;label=32;scalar=64";
    class       volScalarField;
    location    "0.3";
    object      nut;
}
// * * * * * * * * * * * * * * * * * * * * * * * * * * * * * * * * * * * * * //

dimensions      [0 2 -1 0 0 0 0];

internalField   uniform 0;

boundaryField
{
    walls
    {
        type            nutUSpaldingWallFunction;
        value           nonuniform List<scalar> 
2000
(
4.14656e-05
4.16981e-05
4.1879e-05
4.20049e-05
4.20693e-05
4.20693e-05
4.20049e-05
4.1879e-05
4.16981e-05
4.14656e-05
3.97741e-05
4.00229e-05
4.02107e-05
4.03413e-05
4.0408e-05
4.0408e-05
4.03413e-05
4.02107e-05
4.00229e-05
3.97741e-05
3.73878e-05
3.76501e-05
3.78475e-05
3.79842e-05
3.80538e-05
3.80538e-05
3.79842e-05
3.78475e-05
3.76501e-05
3.73878e-05
3.41949e-05
3.44638e-05
3.46686e-05
3.48098e-05
3.48817e-05
3.48817e-05
3.48098e-05
3.46686e-05
3.44638e-05
3.41949e-05
3.10772e-05
3.13464e-05
3.15545e-05
3.16976e-05
3.17704e-05
3.17704e-05
3.16976e-05
3.15545e-05
3.13464e-05
3.10772e-05
2.83448e-05
2.86096e-05
2.88176e-05
2.89604e-05
2.90332e-05
2.90332e-05
2.89604e-05
2.88176e-05
2.86096e-05
2.83448e-05
2.59476e-05
2.62044e-05
2.64093e-05
2.65502e-05
2.66221e-05
2.66221e-05
2.65502e-05
2.64093e-05
2.62044e-05
2.59476e-05
2.3848e-05
2.40943e-05
2.42937e-05
2.44312e-05
2.45014e-05
2.45014e-05
2.44312e-05
2.42937e-05
2.40943e-05
2.3848e-05
2.20444e-05
2.22787e-05
2.24708e-05
2.26037e-05
2.26717e-05
2.26717e-05
2.26037e-05
2.24708e-05
2.22787e-05
2.20444e-05
2.05159e-05
2.07379e-05
2.09215e-05
2.10492e-05
2.11146e-05
2.11146e-05
2.10492e-05
2.09215e-05
2.07379e-05
2.05159e-05
1.92244e-05
1.94341e-05
1.96088e-05
1.97309e-05
1.97935e-05
1.97935e-05
1.97309e-05
1.96088e-05
1.94341e-05
1.92244e-05
1.81317e-05
1.83298e-05
1.84955e-05
1.86119e-05
1.86716e-05
1.86716e-05
1.86119e-05
1.84955e-05
1.83298e-05
1.81317e-05
1.7206e-05
1.73932e-05
1.75503e-05
1.76609e-05
1.77178e-05
1.77178e-05
1.76609e-05
1.75503e-05
1.73932e-05
1.7206e-05
1.64197e-05
1.65971e-05
1.67459e-05
1.68511e-05
1.69052e-05
1.69052e-05
1.68511e-05
1.67459e-05
1.65971e-05
1.64197e-05
1.57491e-05
1.59177e-05
1.6059e-05
1.61589e-05
1.62105e-05
1.62105e-05
1.61589e-05
1.6059e-05
1.59177e-05
1.57491e-05
1.51745e-05
1.53353e-05
1.54696e-05
1.55648e-05
1.56139e-05
1.56139e-05
1.55648e-05
1.54696e-05
1.53353e-05
1.51745e-05
1.46794e-05
1.48334e-05
1.49615e-05
1.50523e-05
1.50992e-05
1.50992e-05
1.50523e-05
1.49615e-05
1.48334e-05
1.46794e-05
1.42505e-05
1.43984e-05
1.45211e-05
1.46079e-05
1.46528e-05
1.46528e-05
1.46079e-05
1.45211e-05
1.43984e-05
1.42505e-05
1.38767e-05
1.40194e-05
1.41372e-05
1.42205e-05
1.42635e-05
1.42635e-05
1.42205e-05
1.41372e-05
1.40194e-05
1.38767e-05
1.3549e-05
1.36871e-05
1.38006e-05
1.38808e-05
1.39222e-05
1.39222e-05
1.38808e-05
1.38006e-05
1.36871e-05
1.3549e-05
1.32598e-05
1.3394e-05
1.35038e-05
1.35813e-05
1.36213e-05
1.36213e-05
1.35813e-05
1.35038e-05
1.3394e-05
1.32598e-05
1.30032e-05
1.31339e-05
1.32405e-05
1.33156e-05
1.33543e-05
1.33543e-05
1.33156e-05
1.32405e-05
1.31339e-05
1.30032e-05
1.27741e-05
1.29017e-05
1.30055e-05
1.30785e-05
1.31162e-05
1.31162e-05
1.30785e-05
1.30055e-05
1.29017e-05
1.27741e-05
1.25682e-05
1.26932e-05
1.27946e-05
1.28658e-05
1.29025e-05
1.29025e-05
1.28658e-05
1.27946e-05
1.26932e-05
1.25682e-05
1.23823e-05
1.25049e-05
1.26042e-05
1.26738e-05
1.27097e-05
1.27097e-05
1.26738e-05
1.26042e-05
1.25049e-05
1.23823e-05
1.22133e-05
1.23339e-05
1.24314e-05
1.24996e-05
1.25347e-05
1.25347e-05
1.24996e-05
1.24314e-05
1.23339e-05
1.22133e-05
1.2059e-05
1.21778e-05
1.22736e-05
1.23407e-05
1.23751e-05
1.23751e-05
1.23407e-05
1.22736e-05
1.21778e-05
1.2059e-05
1.19173e-05
1.20345e-05
1.21289e-05
1.21949e-05
1.22288e-05
1.22288e-05
1.21949e-05
1.21289e-05
1.20345e-05
1.19173e-05
1.17867e-05
1.19024e-05
1.19956e-05
1.20606e-05
1.20941e-05
1.20941e-05
1.20606e-05
1.19956e-05
1.19024e-05
1.17867e-05
1.16656e-05
1.17801e-05
1.18721e-05
1.19363e-05
1.19693e-05
1.19693e-05
1.19363e-05
1.18721e-05
1.17801e-05
1.16656e-05
1.1553e-05
1.16662e-05
1.17573e-05
1.18208e-05
1.18534e-05
1.18534e-05
1.18208e-05
1.17573e-05
1.16662e-05
1.1553e-05
1.14478e-05
1.15599e-05
1.16501e-05
1.1713e-05
1.17452e-05
1.17452e-05
1.17129e-05
1.16501e-05
1.15599e-05
1.14477e-05
1.13491e-05
1.14603e-05
1.15496e-05
1.16119e-05
1.16439e-05
1.16439e-05
1.16119e-05
1.15496e-05
1.14603e-05
1.13491e-05
1.12564e-05
1.13667e-05
1.14552e-05
1.1517e-05
1.15487e-05
1.15487e-05
1.1517e-05
1.14552e-05
1.13667e-05
1.12564e-05
1.11689e-05
1.12783e-05
1.13662e-05
1.14275e-05
1.1459e-05
1.1459e-05
1.14275e-05
1.13662e-05
1.12783e-05
1.11689e-05
1.10862e-05
1.11948e-05
1.12821e-05
1.13429e-05
1.13741e-05
1.13741e-05
1.13429e-05
1.12821e-05
1.11948e-05
1.10862e-05
1.10077e-05
1.11156e-05
1.12023e-05
1.12627e-05
1.12937e-05
1.12937e-05
1.12627e-05
1.12023e-05
1.11156e-05
1.10077e-05
1.09332e-05
1.10404e-05
1.11265e-05
1.11865e-05
1.12174e-05
1.12174e-05
1.11865e-05
1.11265e-05
1.10404e-05
1.09332e-05
1.08622e-05
1.09687e-05
1.10543e-05
1.1114e-05
1.11446e-05
1.11446e-05
1.1114e-05
1.10543e-05
1.09687e-05
1.08622e-05
1.07944e-05
1.09003e-05
1.09854e-05
1.10448e-05
1.10753e-05
1.10753e-05
1.10448e-05
1.09854e-05
1.09003e-05
1.07944e-05
1.07297e-05
1.0835e-05
1.09196e-05
1.09787e-05
1.1009e-05
1.1009e-05
1.09787e-05
1.09196e-05
1.0835e-05
1.07297e-05
1.06677e-05
1.07724e-05
1.08566e-05
1.09154e-05
1.09455e-05
1.09455e-05
1.09153e-05
1.08566e-05
1.07724e-05
1.06677e-05
1.06082e-05
1.07124e-05
1.07962e-05
1.08546e-05
1.08846e-05
1.08846e-05
1.08546e-05
1.07962e-05
1.07124e-05
1.06082e-05
1.0551e-05
1.06547e-05
1.07381e-05
1.07963e-05
1.08261e-05
1.08261e-05
1.07962e-05
1.07381e-05
1.06547e-05
1.0551e-05
1.0496e-05
1.05992e-05
1.06822e-05
1.07401e-05
1.07698e-05
1.07698e-05
1.07401e-05
1.06821e-05
1.05992e-05
1.0496e-05
1.04429e-05
1.05455e-05
1.06281e-05
1.06858e-05
1.07154e-05
1.07154e-05
1.06858e-05
1.06281e-05
1.05455e-05
1.04428e-05
1.03917e-05
1.04939e-05
1.05762e-05
1.06336e-05
1.0663e-05
1.0663e-05
1.06336e-05
1.05762e-05
1.04939e-05
1.03917e-05
1.03408e-05
1.04425e-05
1.05244e-05
1.05816e-05
1.06109e-05
1.06109e-05
1.05816e-05
1.05244e-05
1.04425e-05
1.03408e-05
1.02971e-05
1.03984e-05
1.048e-05
1.0537e-05
1.05662e-05
1.05662e-05
1.0537e-05
1.048e-05
1.03984e-05
1.02971e-05
1.023e-05
1.03307e-05
1.04118e-05
1.04684e-05
1.04975e-05
1.04975e-05
1.04684e-05
1.04118e-05
1.03307e-05
1.023e-05
4.14656e-05
4.16981e-05
4.1879e-05
4.20049e-05
4.20693e-05
4.20693e-05
4.20049e-05
4.1879e-05
4.16981e-05
4.14656e-05
3.97741e-05
4.00229e-05
4.02107e-05
4.03413e-05
4.0408e-05
4.0408e-05
4.03413e-05
4.02107e-05
4.00229e-05
3.97741e-05
3.73878e-05
3.76501e-05
3.78475e-05
3.79842e-05
3.80538e-05
3.80538e-05
3.79842e-05
3.78475e-05
3.76501e-05
3.73878e-05
3.41949e-05
3.44638e-05
3.46686e-05
3.48098e-05
3.48817e-05
3.48817e-05
3.48098e-05
3.46686e-05
3.44638e-05
3.41949e-05
3.10772e-05
3.13464e-05
3.15545e-05
3.16976e-05
3.17704e-05
3.17704e-05
3.16976e-05
3.15545e-05
3.13464e-05
3.10772e-05
2.83448e-05
2.86096e-05
2.88176e-05
2.89604e-05
2.90332e-05
2.90332e-05
2.89604e-05
2.88176e-05
2.86096e-05
2.83448e-05
2.59476e-05
2.62044e-05
2.64093e-05
2.65502e-05
2.66221e-05
2.66221e-05
2.65502e-05
2.64093e-05
2.62044e-05
2.59476e-05
2.3848e-05
2.40943e-05
2.42937e-05
2.44312e-05
2.45014e-05
2.45014e-05
2.44312e-05
2.42937e-05
2.40943e-05
2.3848e-05
2.20444e-05
2.22787e-05
2.24708e-05
2.26037e-05
2.26717e-05
2.26717e-05
2.26037e-05
2.24708e-05
2.22787e-05
2.20444e-05
2.05159e-05
2.07379e-05
2.09215e-05
2.10492e-05
2.11146e-05
2.11146e-05
2.10492e-05
2.09215e-05
2.07379e-05
2.05159e-05
1.92244e-05
1.94341e-05
1.96088e-05
1.97309e-05
1.97935e-05
1.97935e-05
1.97309e-05
1.96088e-05
1.94341e-05
1.92244e-05
1.81317e-05
1.83298e-05
1.84955e-05
1.86119e-05
1.86716e-05
1.86716e-05
1.86119e-05
1.84955e-05
1.83298e-05
1.81317e-05
1.7206e-05
1.73932e-05
1.75503e-05
1.76609e-05
1.77178e-05
1.77178e-05
1.76609e-05
1.75503e-05
1.73932e-05
1.7206e-05
1.64197e-05
1.65971e-05
1.67459e-05
1.68511e-05
1.69052e-05
1.69052e-05
1.68511e-05
1.67459e-05
1.65971e-05
1.64197e-05
1.57491e-05
1.59177e-05
1.6059e-05
1.61589e-05
1.62105e-05
1.62105e-05
1.61589e-05
1.6059e-05
1.59177e-05
1.57491e-05
1.51745e-05
1.53353e-05
1.54696e-05
1.55648e-05
1.56139e-05
1.56139e-05
1.55648e-05
1.54696e-05
1.53353e-05
1.51745e-05
1.46794e-05
1.48334e-05
1.49615e-05
1.50523e-05
1.50992e-05
1.50992e-05
1.50523e-05
1.49615e-05
1.48334e-05
1.46794e-05
1.42505e-05
1.43984e-05
1.45211e-05
1.46079e-05
1.46528e-05
1.46528e-05
1.46079e-05
1.45211e-05
1.43984e-05
1.42505e-05
1.38767e-05
1.40194e-05
1.41372e-05
1.42205e-05
1.42635e-05
1.42635e-05
1.42205e-05
1.41372e-05
1.40194e-05
1.38767e-05
1.3549e-05
1.36871e-05
1.38006e-05
1.38808e-05
1.39222e-05
1.39222e-05
1.38808e-05
1.38006e-05
1.36871e-05
1.3549e-05
1.32598e-05
1.3394e-05
1.35038e-05
1.35813e-05
1.36213e-05
1.36213e-05
1.35813e-05
1.35038e-05
1.3394e-05
1.32598e-05
1.30032e-05
1.31339e-05
1.32405e-05
1.33156e-05
1.33543e-05
1.33543e-05
1.33156e-05
1.32405e-05
1.31339e-05
1.30032e-05
1.27741e-05
1.29017e-05
1.30055e-05
1.30785e-05
1.31162e-05
1.31162e-05
1.30785e-05
1.30055e-05
1.29017e-05
1.27741e-05
1.25682e-05
1.26932e-05
1.27946e-05
1.28658e-05
1.29025e-05
1.29025e-05
1.28658e-05
1.27946e-05
1.26932e-05
1.25682e-05
1.23823e-05
1.25049e-05
1.26042e-05
1.26738e-05
1.27097e-05
1.27097e-05
1.26738e-05
1.26042e-05
1.25049e-05
1.23823e-05
1.22133e-05
1.23339e-05
1.24314e-05
1.24996e-05
1.25347e-05
1.25347e-05
1.24996e-05
1.24314e-05
1.23339e-05
1.22133e-05
1.2059e-05
1.21778e-05
1.22736e-05
1.23407e-05
1.23751e-05
1.23751e-05
1.23407e-05
1.22736e-05
1.21778e-05
1.2059e-05
1.19173e-05
1.20345e-05
1.21289e-05
1.21949e-05
1.22288e-05
1.22288e-05
1.21949e-05
1.21289e-05
1.20345e-05
1.19173e-05
1.17867e-05
1.19024e-05
1.19956e-05
1.20606e-05
1.20941e-05
1.20941e-05
1.20606e-05
1.19956e-05
1.19024e-05
1.17867e-05
1.16656e-05
1.17801e-05
1.18721e-05
1.19363e-05
1.19693e-05
1.19693e-05
1.19363e-05
1.18721e-05
1.17801e-05
1.16656e-05
1.1553e-05
1.16662e-05
1.17573e-05
1.18208e-05
1.18534e-05
1.18534e-05
1.18208e-05
1.17573e-05
1.16662e-05
1.1553e-05
1.14477e-05
1.15599e-05
1.16501e-05
1.17129e-05
1.17452e-05
1.17452e-05
1.17129e-05
1.16501e-05
1.15599e-05
1.14478e-05
1.13491e-05
1.14603e-05
1.15496e-05
1.16119e-05
1.16439e-05
1.16439e-05
1.16119e-05
1.15496e-05
1.14603e-05
1.13491e-05
1.12564e-05
1.13667e-05
1.14552e-05
1.1517e-05
1.15487e-05
1.15487e-05
1.1517e-05
1.14552e-05
1.13667e-05
1.12564e-05
1.11689e-05
1.12783e-05
1.13662e-05
1.14275e-05
1.1459e-05
1.1459e-05
1.14275e-05
1.13662e-05
1.12783e-05
1.11689e-05
1.10862e-05
1.11948e-05
1.12821e-05
1.13429e-05
1.13741e-05
1.13741e-05
1.13429e-05
1.12821e-05
1.11948e-05
1.10862e-05
1.10077e-05
1.11156e-05
1.12023e-05
1.12627e-05
1.12937e-05
1.12937e-05
1.12627e-05
1.12023e-05
1.11156e-05
1.10077e-05
1.09332e-05
1.10404e-05
1.11265e-05
1.11865e-05
1.12174e-05
1.12174e-05
1.11865e-05
1.11265e-05
1.10404e-05
1.09332e-05
1.08622e-05
1.09687e-05
1.10543e-05
1.1114e-05
1.11446e-05
1.11446e-05
1.1114e-05
1.10543e-05
1.09687e-05
1.08622e-05
1.07944e-05
1.09003e-05
1.09854e-05
1.10448e-05
1.10753e-05
1.10753e-05
1.10448e-05
1.09854e-05
1.09003e-05
1.07944e-05
1.07297e-05
1.0835e-05
1.09196e-05
1.09787e-05
1.1009e-05
1.1009e-05
1.09787e-05
1.09196e-05
1.0835e-05
1.07297e-05
1.06677e-05
1.07724e-05
1.08566e-05
1.09153e-05
1.09455e-05
1.09455e-05
1.09154e-05
1.08566e-05
1.07724e-05
1.06677e-05
1.06082e-05
1.07124e-05
1.07962e-05
1.08546e-05
1.08846e-05
1.08846e-05
1.08546e-05
1.07962e-05
1.07124e-05
1.06082e-05
1.0551e-05
1.06547e-05
1.07381e-05
1.07962e-05
1.08261e-05
1.08261e-05
1.07963e-05
1.07381e-05
1.06547e-05
1.0551e-05
1.0496e-05
1.05992e-05
1.06821e-05
1.07401e-05
1.07698e-05
1.07698e-05
1.07401e-05
1.06822e-05
1.05992e-05
1.0496e-05
1.04428e-05
1.05455e-05
1.06281e-05
1.06858e-05
1.07154e-05
1.07154e-05
1.06858e-05
1.06281e-05
1.05455e-05
1.04428e-05
1.03917e-05
1.04939e-05
1.05762e-05
1.06336e-05
1.0663e-05
1.0663e-05
1.06336e-05
1.05762e-05
1.04939e-05
1.03917e-05
1.03408e-05
1.04425e-05
1.05244e-05
1.05816e-05
1.06109e-05
1.06109e-05
1.05816e-05
1.05244e-05
1.04425e-05
1.03408e-05
1.02971e-05
1.03984e-05
1.048e-05
1.0537e-05
1.05662e-05
1.05662e-05
1.0537e-05
1.048e-05
1.03984e-05
1.02971e-05
1.023e-05
1.03307e-05
1.04118e-05
1.04684e-05
1.04975e-05
1.04975e-05
1.04684e-05
1.04118e-05
1.03307e-05
1.023e-05
4.14656e-05
4.16981e-05
4.1879e-05
4.20049e-05
4.20693e-05
4.20693e-05
4.20049e-05
4.1879e-05
4.16981e-05
4.14656e-05
3.97741e-05
4.00229e-05
4.02107e-05
4.03413e-05
4.0408e-05
4.0408e-05
4.03413e-05
4.02107e-05
4.00229e-05
3.97741e-05
3.73878e-05
3.76501e-05
3.78475e-05
3.79842e-05
3.80538e-05
3.80538e-05
3.79842e-05
3.78475e-05
3.76501e-05
3.73878e-05
3.41949e-05
3.44638e-05
3.46686e-05
3.48098e-05
3.48817e-05
3.48817e-05
3.48098e-05
3.46686e-05
3.44638e-05
3.41949e-05
3.10772e-05
3.13464e-05
3.15545e-05
3.16976e-05
3.17704e-05
3.17704e-05
3.16976e-05
3.15545e-05
3.13464e-05
3.10772e-05
2.83448e-05
2.86096e-05
2.88176e-05
2.89604e-05
2.90332e-05
2.90332e-05
2.89604e-05
2.88176e-05
2.86096e-05
2.83448e-05
2.59476e-05
2.62044e-05
2.64093e-05
2.65502e-05
2.66221e-05
2.66221e-05
2.65502e-05
2.64093e-05
2.62044e-05
2.59476e-05
2.3848e-05
2.40943e-05
2.42937e-05
2.44312e-05
2.45014e-05
2.45014e-05
2.44312e-05
2.42937e-05
2.40943e-05
2.3848e-05
2.20444e-05
2.22787e-05
2.24708e-05
2.26037e-05
2.26717e-05
2.26717e-05
2.26037e-05
2.24708e-05
2.22787e-05
2.20444e-05
2.05159e-05
2.07379e-05
2.09215e-05
2.10492e-05
2.11147e-05
2.11147e-05
2.10492e-05
2.09215e-05
2.07379e-05
2.05159e-05
1.92244e-05
1.94341e-05
1.96088e-05
1.97309e-05
1.97935e-05
1.97935e-05
1.97309e-05
1.96088e-05
1.94341e-05
1.92244e-05
1.81317e-05
1.83298e-05
1.84956e-05
1.86119e-05
1.86716e-05
1.86716e-05
1.86119e-05
1.84955e-05
1.83298e-05
1.81317e-05
1.7206e-05
1.73932e-05
1.75503e-05
1.76609e-05
1.77178e-05
1.77178e-05
1.76609e-05
1.75503e-05
1.73932e-05
1.7206e-05
1.64197e-05
1.65971e-05
1.67459e-05
1.68511e-05
1.69052e-05
1.69052e-05
1.68511e-05
1.67459e-05
1.65971e-05
1.64197e-05
1.57491e-05
1.59177e-05
1.6059e-05
1.61589e-05
1.62105e-05
1.62105e-05
1.61589e-05
1.6059e-05
1.59177e-05
1.57491e-05
1.51745e-05
1.53353e-05
1.54696e-05
1.55648e-05
1.56139e-05
1.56139e-05
1.55648e-05
1.54696e-05
1.53353e-05
1.51745e-05
1.46794e-05
1.48334e-05
1.49615e-05
1.50523e-05
1.50992e-05
1.50992e-05
1.50523e-05
1.49615e-05
1.48334e-05
1.46794e-05
1.42505e-05
1.43984e-05
1.45211e-05
1.46079e-05
1.46528e-05
1.46528e-05
1.46079e-05
1.45211e-05
1.43984e-05
1.42505e-05
1.38767e-05
1.40194e-05
1.41372e-05
1.42205e-05
1.42635e-05
1.42635e-05
1.42205e-05
1.41372e-05
1.40194e-05
1.38767e-05
1.3549e-05
1.36871e-05
1.38006e-05
1.38808e-05
1.39222e-05
1.39222e-05
1.38808e-05
1.38006e-05
1.36871e-05
1.3549e-05
1.32598e-05
1.33939e-05
1.35038e-05
1.35813e-05
1.36213e-05
1.36213e-05
1.35813e-05
1.35038e-05
1.33939e-05
1.32598e-05
1.30032e-05
1.31339e-05
1.32405e-05
1.33156e-05
1.33543e-05
1.33543e-05
1.33156e-05
1.32405e-05
1.31339e-05
1.30032e-05
1.27741e-05
1.29017e-05
1.30055e-05
1.30785e-05
1.31162e-05
1.31162e-05
1.30785e-05
1.30055e-05
1.29017e-05
1.27741e-05
1.25682e-05
1.26932e-05
1.27946e-05
1.28658e-05
1.29025e-05
1.29025e-05
1.28658e-05
1.27946e-05
1.26932e-05
1.25682e-05
1.23823e-05
1.25049e-05
1.26042e-05
1.26738e-05
1.27097e-05
1.27097e-05
1.26738e-05
1.26042e-05
1.25049e-05
1.23823e-05
1.22133e-05
1.23339e-05
1.24314e-05
1.24996e-05
1.25347e-05
1.25347e-05
1.24996e-05
1.24314e-05
1.23339e-05
1.22133e-05
1.2059e-05
1.21778e-05
1.22736e-05
1.23407e-05
1.23751e-05
1.23751e-05
1.23407e-05
1.22736e-05
1.21778e-05
1.2059e-05
1.19173e-05
1.20345e-05
1.21289e-05
1.21949e-05
1.22288e-05
1.22288e-05
1.21949e-05
1.21289e-05
1.20345e-05
1.19173e-05
1.17867e-05
1.19024e-05
1.19956e-05
1.20606e-05
1.20941e-05
1.20941e-05
1.20606e-05
1.19956e-05
1.19024e-05
1.17867e-05
1.16656e-05
1.17801e-05
1.18721e-05
1.19363e-05
1.19693e-05
1.19693e-05
1.19363e-05
1.18721e-05
1.17801e-05
1.16656e-05
1.1553e-05
1.16662e-05
1.17572e-05
1.18208e-05
1.18534e-05
1.18534e-05
1.18208e-05
1.17572e-05
1.16662e-05
1.1553e-05
1.14477e-05
1.15599e-05
1.16501e-05
1.17129e-05
1.17452e-05
1.17452e-05
1.17129e-05
1.16501e-05
1.15599e-05
1.14477e-05
1.13491e-05
1.14603e-05
1.15496e-05
1.16119e-05
1.16439e-05
1.16439e-05
1.16119e-05
1.15496e-05
1.14603e-05
1.13491e-05
1.12564e-05
1.13667e-05
1.14552e-05
1.1517e-05
1.15487e-05
1.15487e-05
1.1517e-05
1.14552e-05
1.13667e-05
1.12564e-05
1.11689e-05
1.12783e-05
1.13662e-05
1.14275e-05
1.1459e-05
1.1459e-05
1.14275e-05
1.13662e-05
1.12783e-05
1.11689e-05
1.10862e-05
1.11948e-05
1.12821e-05
1.13429e-05
1.13741e-05
1.13741e-05
1.13429e-05
1.12821e-05
1.11948e-05
1.10862e-05
1.10077e-05
1.11156e-05
1.12023e-05
1.12627e-05
1.12937e-05
1.12937e-05
1.12627e-05
1.12023e-05
1.11156e-05
1.10077e-05
1.09332e-05
1.10404e-05
1.11265e-05
1.11865e-05
1.12173e-05
1.12173e-05
1.11865e-05
1.11265e-05
1.10404e-05
1.09332e-05
1.08622e-05
1.09687e-05
1.10543e-05
1.1114e-05
1.11446e-05
1.11446e-05
1.1114e-05
1.10543e-05
1.09687e-05
1.08622e-05
1.07944e-05
1.09003e-05
1.09854e-05
1.10448e-05
1.10753e-05
1.10753e-05
1.10448e-05
1.09854e-05
1.09003e-05
1.07944e-05
1.07297e-05
1.0835e-05
1.09196e-05
1.09787e-05
1.1009e-05
1.1009e-05
1.09787e-05
1.09196e-05
1.0835e-05
1.07297e-05
1.06676e-05
1.07724e-05
1.08566e-05
1.09153e-05
1.09455e-05
1.09455e-05
1.09153e-05
1.08566e-05
1.07724e-05
1.06677e-05
1.06082e-05
1.07124e-05
1.07961e-05
1.08546e-05
1.08846e-05
1.08846e-05
1.08546e-05
1.07961e-05
1.07124e-05
1.06082e-05
1.0551e-05
1.06547e-05
1.07381e-05
1.07962e-05
1.08261e-05
1.08261e-05
1.07962e-05
1.07381e-05
1.06547e-05
1.0551e-05
1.0496e-05
1.05992e-05
1.06821e-05
1.07401e-05
1.07698e-05
1.07698e-05
1.07401e-05
1.06821e-05
1.05992e-05
1.0496e-05
1.04428e-05
1.05455e-05
1.06281e-05
1.06858e-05
1.07154e-05
1.07154e-05
1.06858e-05
1.06281e-05
1.05455e-05
1.04428e-05
1.03917e-05
1.04939e-05
1.05762e-05
1.06336e-05
1.0663e-05
1.0663e-05
1.06336e-05
1.05762e-05
1.04939e-05
1.03917e-05
1.03408e-05
1.04425e-05
1.05244e-05
1.05816e-05
1.06109e-05
1.06109e-05
1.05816e-05
1.05244e-05
1.04425e-05
1.03408e-05
1.02971e-05
1.03984e-05
1.048e-05
1.0537e-05
1.05662e-05
1.05662e-05
1.0537e-05
1.048e-05
1.03984e-05
1.02971e-05
1.023e-05
1.03307e-05
1.04118e-05
1.04684e-05
1.04975e-05
1.04975e-05
1.04684e-05
1.04118e-05
1.03307e-05
1.023e-05
4.14656e-05
4.16981e-05
4.1879e-05
4.20049e-05
4.20693e-05
4.20693e-05
4.20049e-05
4.1879e-05
4.16981e-05
4.14656e-05
3.97741e-05
4.00229e-05
4.02107e-05
4.03413e-05
4.0408e-05
4.0408e-05
4.03413e-05
4.02107e-05
4.00229e-05
3.97741e-05
3.73878e-05
3.76501e-05
3.78475e-05
3.79842e-05
3.80538e-05
3.80538e-05
3.79842e-05
3.78475e-05
3.76501e-05
3.73878e-05
3.41949e-05
3.44638e-05
3.46686e-05
3.48098e-05
3.48817e-05
3.48817e-05
3.48098e-05
3.46686e-05
3.44638e-05
3.41949e-05
3.10772e-05
3.13464e-05
3.15545e-05
3.16976e-05
3.17704e-05
3.17704e-05
3.16976e-05
3.15545e-05
3.13464e-05
3.10772e-05
2.83448e-05
2.86096e-05
2.88176e-05
2.89604e-05
2.90332e-05
2.90332e-05
2.89604e-05
2.88176e-05
2.86096e-05
2.83448e-05
2.59476e-05
2.62044e-05
2.64093e-05
2.65502e-05
2.66221e-05
2.66221e-05
2.65502e-05
2.64093e-05
2.62044e-05
2.59476e-05
2.3848e-05
2.40943e-05
2.42937e-05
2.44312e-05
2.45014e-05
2.45014e-05
2.44312e-05
2.42937e-05
2.40943e-05
2.3848e-05
2.20444e-05
2.22787e-05
2.24708e-05
2.26037e-05
2.26717e-05
2.26717e-05
2.26037e-05
2.24708e-05
2.22787e-05
2.20444e-05
2.05159e-05
2.07379e-05
2.09215e-05
2.10492e-05
2.11147e-05
2.11147e-05
2.10492e-05
2.09215e-05
2.07379e-05
2.05159e-05
1.92244e-05
1.94341e-05
1.96088e-05
1.97309e-05
1.97935e-05
1.97935e-05
1.97309e-05
1.96088e-05
1.94341e-05
1.92244e-05
1.81317e-05
1.83298e-05
1.84956e-05
1.86119e-05
1.86716e-05
1.86716e-05
1.86119e-05
1.84956e-05
1.83298e-05
1.81317e-05
1.7206e-05
1.73932e-05
1.75503e-05
1.76609e-05
1.77178e-05
1.77178e-05
1.76609e-05
1.75503e-05
1.73932e-05
1.7206e-05
1.64197e-05
1.65971e-05
1.67459e-05
1.68511e-05
1.69052e-05
1.69052e-05
1.68511e-05
1.67459e-05
1.65971e-05
1.64197e-05
1.57491e-05
1.59177e-05
1.6059e-05
1.61589e-05
1.62105e-05
1.62105e-05
1.61589e-05
1.6059e-05
1.59177e-05
1.57491e-05
1.51745e-05
1.53353e-05
1.54696e-05
1.55648e-05
1.56139e-05
1.56139e-05
1.55648e-05
1.54696e-05
1.53353e-05
1.51745e-05
1.46794e-05
1.48334e-05
1.49615e-05
1.50523e-05
1.50992e-05
1.50992e-05
1.50523e-05
1.49615e-05
1.48334e-05
1.46794e-05
1.42505e-05
1.43984e-05
1.45211e-05
1.46079e-05
1.46528e-05
1.46528e-05
1.46079e-05
1.45211e-05
1.43984e-05
1.42505e-05
1.38767e-05
1.40194e-05
1.41372e-05
1.42205e-05
1.42635e-05
1.42635e-05
1.42205e-05
1.41372e-05
1.40194e-05
1.38767e-05
1.3549e-05
1.36871e-05
1.38006e-05
1.38808e-05
1.39222e-05
1.39222e-05
1.38808e-05
1.38006e-05
1.36871e-05
1.3549e-05
1.32598e-05
1.3394e-05
1.35038e-05
1.35813e-05
1.36213e-05
1.36213e-05
1.35813e-05
1.35038e-05
1.33939e-05
1.32598e-05
1.30032e-05
1.31339e-05
1.32405e-05
1.33156e-05
1.33543e-05
1.33543e-05
1.33156e-05
1.32405e-05
1.31339e-05
1.30032e-05
1.27741e-05
1.29017e-05
1.30055e-05
1.30785e-05
1.31162e-05
1.31162e-05
1.30785e-05
1.30055e-05
1.29017e-05
1.27741e-05
1.25682e-05
1.26932e-05
1.27946e-05
1.28658e-05
1.29025e-05
1.29025e-05
1.28658e-05
1.27946e-05
1.26932e-05
1.25682e-05
1.23823e-05
1.25049e-05
1.26042e-05
1.26738e-05
1.27097e-05
1.27097e-05
1.26738e-05
1.26042e-05
1.25049e-05
1.23823e-05
1.22133e-05
1.23339e-05
1.24314e-05
1.24996e-05
1.25347e-05
1.25347e-05
1.24996e-05
1.24314e-05
1.23339e-05
1.22133e-05
1.2059e-05
1.21778e-05
1.22736e-05
1.23407e-05
1.23751e-05
1.23751e-05
1.23407e-05
1.22736e-05
1.21778e-05
1.2059e-05
1.19173e-05
1.20345e-05
1.21289e-05
1.21949e-05
1.22288e-05
1.22288e-05
1.21949e-05
1.21289e-05
1.20345e-05
1.19173e-05
1.17867e-05
1.19024e-05
1.19956e-05
1.20606e-05
1.20941e-05
1.20941e-05
1.20606e-05
1.19956e-05
1.19024e-05
1.17867e-05
1.16656e-05
1.17801e-05
1.18721e-05
1.19363e-05
1.19693e-05
1.19693e-05
1.19363e-05
1.18721e-05
1.17801e-05
1.16656e-05
1.1553e-05
1.16662e-05
1.17573e-05
1.18208e-05
1.18534e-05
1.18534e-05
1.18208e-05
1.17572e-05
1.16662e-05
1.1553e-05
1.14477e-05
1.15599e-05
1.16501e-05
1.17129e-05
1.17452e-05
1.17452e-05
1.17129e-05
1.16501e-05
1.15599e-05
1.14477e-05
1.13491e-05
1.14603e-05
1.15496e-05
1.16119e-05
1.16439e-05
1.16439e-05
1.16119e-05
1.15496e-05
1.14603e-05
1.13491e-05
1.12564e-05
1.13667e-05
1.14552e-05
1.1517e-05
1.15487e-05
1.15487e-05
1.1517e-05
1.14552e-05
1.13667e-05
1.12564e-05
1.11689e-05
1.12783e-05
1.13662e-05
1.14275e-05
1.1459e-05
1.1459e-05
1.14275e-05
1.13662e-05
1.12783e-05
1.11689e-05
1.10862e-05
1.11948e-05
1.12821e-05
1.13429e-05
1.13741e-05
1.13741e-05
1.13429e-05
1.12821e-05
1.11948e-05
1.10862e-05
1.10077e-05
1.11156e-05
1.12023e-05
1.12627e-05
1.12937e-05
1.12937e-05
1.12627e-05
1.12023e-05
1.11156e-05
1.10077e-05
1.09332e-05
1.10404e-05
1.11265e-05
1.11865e-05
1.12173e-05
1.12173e-05
1.11865e-05
1.11265e-05
1.10403e-05
1.09332e-05
1.08622e-05
1.09687e-05
1.10543e-05
1.1114e-05
1.11446e-05
1.11446e-05
1.1114e-05
1.10543e-05
1.09687e-05
1.08622e-05
1.07944e-05
1.09003e-05
1.09854e-05
1.10448e-05
1.10753e-05
1.10753e-05
1.10448e-05
1.09854e-05
1.09003e-05
1.07944e-05
1.07297e-05
1.0835e-05
1.09196e-05
1.09787e-05
1.1009e-05
1.1009e-05
1.09787e-05
1.09196e-05
1.0835e-05
1.07297e-05
1.06677e-05
1.07724e-05
1.08566e-05
1.09153e-05
1.09455e-05
1.09455e-05
1.09153e-05
1.08566e-05
1.07724e-05
1.06676e-05
1.06082e-05
1.07124e-05
1.07961e-05
1.08546e-05
1.08846e-05
1.08846e-05
1.08546e-05
1.07961e-05
1.07124e-05
1.06082e-05
1.0551e-05
1.06547e-05
1.07381e-05
1.07962e-05
1.08261e-05
1.08261e-05
1.07962e-05
1.07381e-05
1.06547e-05
1.0551e-05
1.0496e-05
1.05992e-05
1.06821e-05
1.07401e-05
1.07698e-05
1.07698e-05
1.07401e-05
1.06821e-05
1.05991e-05
1.0496e-05
1.04428e-05
1.05455e-05
1.06281e-05
1.06858e-05
1.07154e-05
1.07154e-05
1.06858e-05
1.06281e-05
1.05455e-05
1.04428e-05
1.03917e-05
1.04939e-05
1.05762e-05
1.06336e-05
1.0663e-05
1.0663e-05
1.06336e-05
1.05762e-05
1.04939e-05
1.03917e-05
1.03408e-05
1.04425e-05
1.05244e-05
1.05816e-05
1.06109e-05
1.06109e-05
1.05816e-05
1.05244e-05
1.04425e-05
1.03408e-05
1.02971e-05
1.03984e-05
1.048e-05
1.0537e-05
1.05662e-05
1.05662e-05
1.0537e-05
1.048e-05
1.03984e-05
1.02971e-05
1.023e-05
1.03307e-05
1.04118e-05
1.04684e-05
1.04975e-05
1.04975e-05
1.04684e-05
1.04118e-05
1.03307e-05
1.023e-05
)
;
    }
    inlet
    {
        type            calculated;
        value           uniform 0;
    }
    outlet
    {
        type            calculated;
        value           uniform 0;
    }
}


// ************************************************************************* //
